4x4 Transformation Matrix:
0.999920904636 -0.004524935503 -0.011735180393 0.019804805517 
0.004414075986 0.999945580959 -0.009455654770 0.020775198936 
0.011777325533 0.009403105825 0.999886512756 -0.013709001243 
0.000000000000 0.000000000000 0.000000000000 1.000000000000 

Rotation Angles (unit: gon):
Rx = 0.5986705868
Ry = -0.7497851426
Rz = 0.2810292006
Translation (unit: m):
tx = 0.0198048055
ty = 0.0207751989
tz = -0.0137090012

6x6 Variance-Covariance Matrix of transformation parameters:
0.000000013789 -0.000000001926 0.000000003297 0.000000001798 -0.000000000027 -0.000000006528 
-0.000000001926 0.000000010838 -0.000000000331 -0.000000004414 -0.000000000054 0.000000000452 
0.000000003297 -0.000000000331 0.000000013592 0.000000006763 0.000000001768 -0.000000001421 
0.000000001798 -0.000000004414 0.000000006763 0.000000011216 0.000000000763 -0.000000002457 
-0.000000000027 -0.000000000054 0.000000001768 0.000000000763 0.000000031473 0.000000000028 
-0.000000006528 0.000000000452 -0.000000001421 -0.000000002457 0.000000000028 0.000000005234 

Standard Deviations of estimated transformation parameters:
Std_Rx = 7.4755121121 mgon
Std_Ry = 6.6275933294 mgon
Std_Rz = 7.4219012798 mgon
Std_tx = 0.1059061325 mm
Std_ty = 0.1774064870 mm
Std_tz = 0.0723429992 mm
