4x4 Transformation Matrix:
0.999496340752 0.008478944190 0.030581491068 -0.003742054105 
-0.007943564095 0.999813735485 -0.017585763708 0.002527594566 
-0.030724899843 0.017333980650 0.999377429485 -0.011497251689 
0.000000000000 0.000000000000 0.000000000000 1.000000000000 

Rotation Angles (unit: gon):
Rx = 1.1040922531
Ry = 1.9563157073
Rz = -0.5059471521
Translation (unit: m):
tx = -0.0037420541
ty = 0.0025275946
tz = -0.0114972517

6x6 Variance-Covariance Matrix of transformation parameters:
0.000000004203 -0.000000000559 0.000000004641 0.000000003011 0.000000003148 -0.000000001308 
-0.000000000559 0.000000012716 -0.000000004904 -0.000000006825 -0.000000001150 -0.000000001292 
0.000000004641 -0.000000004904 0.000000013407 0.000000008623 0.000000005134 -0.000000002227 
0.000000003011 -0.000000006825 0.000000008623 0.000000011568 0.000000004376 -0.000000002595 
0.000000003148 -0.000000001150 0.000000005134 0.000000004376 0.000000013504 -0.000000002154 
-0.000000001308 -0.000000001292 -0.000000002227 -0.000000002595 -0.000000002154 0.000000002669 

Standard Deviations of estimated transformation parameters:
Std_Rx = 4.1272118511 mgon
Std_Ry = 7.1788344759 mgon
Std_Rz = 7.3712790627 mgon
Std_tx = 0.1075529294 mm
Std_ty = 0.1162062052 mm
Std_tz = 0.0516618793 mm
