4x4 Transformation Matrix:
0.999976038933 -0.001367411343 -0.006795161869 0.012486398220 
0.001278271666 0.999913215637 -0.013105134480 0.019804477692 
0.006812491454 0.013096135110 0.999890983105 -0.020421601832 
0.000000000000 0.000000000000 0.000000000000 1.000000000000 

Rotation Angles (unit: gon):
Rx = 0.8337690775
Ry = -0.4337000258
Rz = 0.0813792064
Translation (unit: m):
tx = 0.0124863982
ty = 0.0198044777
tz = -0.0204216018

6x6 Variance-Covariance Matrix of transformation parameters:
0.000000012020 -0.000000001910 0.000000002985 0.000000001801 -0.000000004231 -0.000000005706 
-0.000000001910 0.000000011296 -0.000000000789 -0.000000004516 -0.000000006252 0.000000000441 
0.000000002985 -0.000000000789 0.000000014679 0.000000007997 0.000000006178 -0.000000001431 
0.000000001801 -0.000000004516 0.000000007997 0.000000012001 0.000000013963 -0.000000002556 
-0.000000004231 -0.000000006252 0.000000006178 0.000000013963 0.000002740239 -0.000000006854 
-0.000000005706 0.000000000441 -0.000000001431 -0.000000002556 -0.000000006854 0.000000004915 

Standard Deviations of estimated transformation parameters:
Std_Rx = 6.9797403349 mgon
Std_Ry = 6.7662273101 mgon
Std_Rz = 7.7130498473 mgon
Std_tx = 0.1095499306 mm
Std_ty = 1.6553666755 mm
Std_tz = 0.0701065166 mm
