4x4 Transformation Matrix:
0.999629676342 0.003476224141 0.026993699372 -0.004374541342 
-0.003036227310 0.999862134457 -0.016323929653 0.003023147583 
-0.027046719566 0.016235921532 0.999502420425 -0.014421667904 
0.000000000000 0.000000000000 0.000000000000 1.000000000000 

Rotation Angles (unit: gon):
Rx = 1.0340344336
Ry = 1.7220576499
Rz = -0.1933632483
Translation (unit: m):
tx = -0.0043745413
ty = 0.0030231476
tz = -0.0144216679

6x6 Variance-Covariance Matrix of transformation parameters:
0.000000002279 0.000000000239 0.000000001477 0.000000000546 0.000000000828 -0.000000000129 
0.000000000239 0.000000009699 -0.000000002079 -0.000000003820 -0.000000000481 -0.000000001522 
0.000000001477 -0.000000002079 0.000000006375 0.000000002975 0.000000001411 -0.000000000293 
0.000000000546 -0.000000003820 0.000000002975 0.000000005503 0.000000000770 -0.000000000486 
0.000000000828 -0.000000000481 0.000000001411 0.000000000770 0.000000004597 -0.000000000103 
-0.000000000129 -0.000000001522 -0.000000000293 -0.000000000486 -0.000000000103 0.000000001294 

Standard Deviations of estimated transformation parameters:
Std_Rx = 3.0388340730 mgon
Std_Ry = 6.2697283685 mgon
Std_Rz = 5.0829498230 mgon
Std_tx = 0.0741853888 mm
Std_ty = 0.0677978317 mm
Std_tz = 0.0359703124 mm
