4x4 Transformation Matrix:
0.999777615070 -0.003626044374 0.020769031718 0.006586961448 
0.004002712201 0.999827742577 -0.018123334274 0.005011558533 
-0.020699732006 0.018202440813 0.999619960785 -0.014305841178 
0.000000000000 0.000000000000 0.000000000000 1.000000000000 

Rotation Angles (unit: gon):
Rx = 1.1591158301
Ry = 1.3178800200
Rz = 0.2548758905
Translation (unit: m):
tx = 0.0065869614
ty = 0.0050115585
tz = -0.0143058412

6x6 Variance-Covariance Matrix of transformation parameters:
0.000000004240 0.000000000476 0.000000003175 0.000000001551 0.000000002145 -0.000000000738 
0.000000000476 0.000000012227 -0.000000003262 -0.000000005670 -0.000000000502 -0.000000001379 
0.000000003175 -0.000000003262 0.000000011014 0.000000006151 0.000000003291 -0.000000001520 
0.000000001551 -0.000000005670 0.000000006151 0.000000009690 0.000000002491 -0.000000002010 
0.000000002145 -0.000000000502 0.000000003291 0.000000002491 0.000000008821 -0.000000001310 
-0.000000000738 -0.000000001379 -0.000000001520 -0.000000002010 -0.000000001310 0.000000002547 

Standard Deviations of estimated transformation parameters:
Std_Rx = 4.1453742302 mgon
Std_Ry = 7.0396046289 mgon
Std_Rz = 6.6811460441 mgon
Std_tx = 0.0984380548 mm
Std_ty = 0.0939217636 mm
Std_tz = 0.0504725988 mm
