4x4 Transformation Matrix:
0.999858438969 -0.015854550526 0.005652312189 0.013693965971 
0.015874149278 0.999868094921 -0.003441029228 0.007160663605 
-0.005597009789 0.003530267626 0.999978184700 -0.010601082817 
0.000000000000 0.000000000000 0.000000000000 1.000000000000 

Rotation Angles (unit: gon):
Rx = 0.2247477897
Ry = 0.3563185774
Rz = 1.0106379526
Translation (unit: m):
tx = 0.0136939660
ty = 0.0071606636
tz = -0.0106010828

6x6 Variance-Covariance Matrix of transformation parameters:
0.000000003798 0.000000002687 -0.000000000300 -0.000000000244 -0.000000000028 0.000000000998 
0.000000002687 0.000000015167 -0.000000005744 -0.000000004771 -0.000000001000 0.000000000013 
-0.000000000300 -0.000000005744 0.000000008253 0.000000003652 0.000000000218 -0.000000000506 
-0.000000000244 -0.000000004771 0.000000003652 0.000000006235 0.000000000253 -0.000000000762 
-0.000000000028 -0.000000001000 0.000000000218 0.000000000253 0.000000004023 0.000000000105 
0.000000000998 0.000000000013 -0.000000000506 -0.000000000762 0.000000000105 0.000000001639 

Standard Deviations of estimated transformation parameters:
Std_Rx = 3.9232675325 mgon
Std_Ry = 7.8403359345 mgon
Std_Rz = 5.7833914238 mgon
Std_tx = 0.0789646553 mm
Std_ty = 0.0634272840 mm
Std_tz = 0.0404843402 mm
