4x4 Transformation Matrix:
0.999760329723 -0.012500479817 0.017970152199 0.010908290744 
0.012586868368 0.999909758568 -0.004702355247 -0.000829815865 
-0.017909744754 0.004927413538 0.999827444553 -0.010355778039 
0.000000000000 0.000000000000 0.000000000000 1.000000000000 

Rotation Angles (unit: gon):
Rx = 0.3137405003
Ry = 1.1402307128
Rz = 0.8014546937
Translation (unit: m):
tx = 0.0109082907
ty = -0.0008298159
tz = -0.0103557780

6x6 Variance-Covariance Matrix of transformation parameters:
0.000000003734 0.000000001655 -0.000000000458 0.000000000158 -0.000000000028 0.000000001166 
0.000000001655 0.000000017040 -0.000000005962 -0.000000005284 -0.000000001349 -0.000000001231 
-0.000000000458 -0.000000005962 0.000000008536 0.000000003381 0.000000000285 -0.000000000213 
0.000000000158 -0.000000005284 0.000000003381 0.000000006759 0.000000000312 -0.000000000222 
-0.000000000028 -0.000000001349 0.000000000285 0.000000000312 0.000000003221 0.000000000261 
0.000000001166 -0.000000001231 -0.000000000213 -0.000000000222 0.000000000261 0.000000001851 

Standard Deviations of estimated transformation parameters:
Std_Rx = 3.8902389870 mgon
Std_Ry = 8.3102379294 mgon
Std_Rz = 5.8816826290 mgon
Std_tx = 0.0822112000 mm
Std_ty = 0.0567528561 mm
Std_tz = 0.0430278638 mm
