4x4 Transformation Matrix:
0.999843001366 -0.013956489973 0.010923359543 0.023308649659 
0.014150531031 0.999739766121 -0.017893111333 0.023897290230 
-0.010670791380 0.018044875935 0.999780178070 -0.030639663339 
0.000000000000 0.000000000000 0.000000000000 1.000000000000 

Rotation Angles (unit: gon):
Rx = 1.1489003099
Ry = 0.6793365438
Rz = 0.9009320708
Translation (unit: m):
tx = 0.0233086497
ty = 0.0238972902
tz = -0.0306396633

6x6 Variance-Covariance Matrix of transformation parameters:
0.000000039890 -0.000000001062 0.000000001101 0.000000002179 0.000000000775 -0.000000024166 
-0.000000001062 0.000000065261 -0.000000002645 -0.000000004946 -0.000000000378 0.000000005189 
0.000000001101 -0.000000002645 0.000000017574 0.000000009343 0.000000002701 -0.000000001197 
0.000000002179 -0.000000004946 0.000000009343 0.000000015788 0.000000001416 -0.000000002096 
0.000000000775 -0.000000000378 0.000000002701 0.000000001416 0.000000010203 -0.000000000595 
-0.000000024166 0.000000005189 -0.000000001197 -0.000000002096 -0.000000000595 0.000000020562 

Standard Deviations of estimated transformation parameters:
Std_Rx = 12.7148393615 mgon
Std_Ry = 16.2632084211 mgon
Std_Rz = 8.4395907826 mgon
Std_tx = 0.1256501444 mm
Std_ty = 0.1010093861 mm
Std_tz = 0.1433940826 mm
