4x4 Transformation Matrix:
0.999802231789 -0.003107475350 0.019640512764 -0.002410568297 
0.003409319324 0.999876260757 -0.015353671275 -0.002658724785 
-0.019590368494 0.015417596325 0.999689221382 -0.020439742133 
0.000000000000 0.000000000000 0.000000000000 1.000000000000 

Rotation Angles (unit: gon):
Rx = 0.9817419835
Ry = 1.2472413973
Rz = 0.2170861050
Translation (unit: m):
tx = -0.0024105683
ty = -0.0026587248
tz = -0.0204397421

6x6 Variance-Covariance Matrix of transformation parameters:
0.000000002390 0.000000000897 0.000000000248 0.000000000255 -0.000000000165 0.000000000576 
0.000000000897 0.000000012631 -0.000000004305 -0.000000003811 -0.000000000703 -0.000000001147 
0.000000000248 -0.000000004305 0.000000006229 0.000000001763 -0.000000000193 0.000000000165 
0.000000000255 -0.000000003811 0.000000001763 0.000000005199 0.000000000052 -0.000000000195 
-0.000000000165 -0.000000000703 -0.000000000193 0.000000000052 0.000000002018 0.000000000145 
0.000000000576 -0.000000001147 0.000000000165 -0.000000000195 0.000000000145 0.000000001156 

Standard Deviations of estimated transformation parameters:
Std_Rx = 3.1123141103 mgon
Std_Ry = 7.1547138634 mgon
Std_Rz = 5.0244719806 mgon
Std_tx = 0.0721033101 mm
Std_ty = 0.0449257491 mm
Std_tz = 0.0339940010 mm
