4x4 Transformation Matrix:
0.999473989010 -0.032165493816 0.004136794712 0.036488540471 
0.032238829881 0.999297976494 -0.019088756293 0.022025227547 
-0.003519892227 0.019212083891 0.999809145927 -0.031982317567 
0.000000000000 0.000000000000 0.000000000000 1.000000000000 

Rotation Angles (unit: gon):
Rx = 1.2231621345
Ry = 0.2240837583
Rz = 2.0527559625
Translation (unit: m):
tx = 0.0364885405
ty = 0.0220252275
tz = -0.0319823176

6x6 Variance-Covariance Matrix of transformation parameters:
0.000001172078 0.000000676870 0.000000147904 -0.000000129139 0.000000049426 -0.000000348964 
0.000000676870 0.000000521335 0.000000114455 -0.000000129340 0.000000036357 -0.000000172893 
0.000000147904 0.000000114455 0.000000125200 -0.000000065584 0.000000032414 -0.000000031248 
-0.000000129139 -0.000000129340 -0.000000065584 0.000000100321 -0.000000017974 0.000000017143 
0.000000049426 0.000000036357 0.000000032414 -0.000000017974 0.000000055926 -0.000000011622 
-0.000000348964 -0.000000172893 -0.000000031248 0.000000017143 -0.000000011622 0.000000127120 

Standard Deviations of estimated transformation parameters:
Std_Rx = 68.9220701802 mgon
Std_Ry = 45.9661872310 mgon
Std_Rz = 22.5259395645 mgon
Std_tx = 0.3167350338 mm
Std_ty = 0.2364865861 mm
Std_tz = 0.3565393280 mm
