4x4 Transformation Matrix:
0.999840021133 -0.016676368192 -0.006461407989 0.013010948896 
0.016663242131 0.999859094620 -0.002079758327 -0.002486467361 
0.006495180074 0.001971757738 0.999976992607 -0.002259433270 
0.000000000000 0.000000000000 0.000000000000 1.000000000000 

Rotation Angles (unit: gon):
Rx = 0.1255287236
Ry = -0.4134989112
Rz = 1.0608864448
Translation (unit: m):
tx = 0.0130109489
ty = -0.0024864674
tz = -0.0022594333

6x6 Variance-Covariance Matrix of transformation parameters:
0.000000002337 0.000000000574 0.000000000734 -0.000000000425 -0.000000000144 0.000000000653 
0.000000000574 0.000000010137 -0.000000002373 -0.000000004237 -0.000000000665 -0.000000000791 
0.000000000734 -0.000000002373 0.000000005223 0.000000002196 -0.000000000264 0.000000000179 
-0.000000000425 -0.000000004237 0.000000002196 0.000000004037 0.000000000152 -0.000000000352 
-0.000000000144 -0.000000000665 -0.000000000264 0.000000000152 0.000000002480 0.000000000053 
0.000000000653 -0.000000000791 0.000000000179 -0.000000000352 0.000000000053 0.000000001188 

Standard Deviations of estimated transformation parameters:
Std_Rx = 3.0775351411 mgon
Std_Ry = 6.4097446453 mgon
Std_Rz = 4.6007958301 mgon
Std_tx = 0.0635358134 mm
Std_ty = 0.0497983625 mm
Std_tz = 0.0344632123 mm
