4x4 Transformation Matrix:
0.999888777733 0.013260036707 0.006821268238 -0.007880799472 
-0.013268718496 0.999911129475 0.001229494228 0.003330111504 
-0.006804359611 -0.001319867442 0.999976038933 0.007921583951 
0.000000000000 0.000000000000 0.000000000000 1.000000000000 

Rotation Angles (unit: gon):
Rx = -0.0840273350
Ry = 0.4331823366
Rz = -0.8447572036
Translation (unit: m):
tx = -0.0078807995
ty = 0.0033301115
tz = 0.0079215840

6x6 Variance-Covariance Matrix of transformation parameters:
0.000000001923 -0.000000001136 0.000000000954 0.000000000563 -0.000000000212 -0.000000000256 
-0.000000001136 0.000000005073 -0.000000001212 -0.000000001794 0.000000000075 0.000000000375 
0.000000000954 -0.000000001212 0.000000002543 0.000000000570 0.000000000033 -0.000000000207 
0.000000000563 -0.000000001794 0.000000000570 0.000000001946 -0.000000000068 -0.000000000482 
-0.000000000212 0.000000000075 0.000000000033 -0.000000000068 0.000000016892 0.000000000095 
-0.000000000256 0.000000000375 -0.000000000207 -0.000000000482 0.000000000095 0.000000000657 

Standard Deviations of estimated transformation parameters:
Std_Rx = 2.7918842759 mgon
Std_Ry = 4.5345249246 mgon
Std_Rz = 3.2103331792 mgon
Std_tx = 0.0441141955 mm
Std_ty = 0.1299686253 mm
Std_tz = 0.0256393753 mm
