4x4 Transformation Matrix:
0.999776721001 0.000766531739 -0.021119620651 0.006140768528 
-0.000679026416 0.999991238117 0.004150187597 0.010871410370 
0.021122617647 -0.004134918563 0.999768376350 0.001521363854 
0.000000000000 0.000000000000 0.000000000000 1.000000000000 

Rotation Angles (unit: gon):
Rx = -0.2632965888
Ry = -1.3448075665
Rz = -0.0432378100
Translation (unit: m):
tx = 0.0061407685
ty = 0.0108714104
tz = 0.0015213639

6x6 Variance-Covariance Matrix of transformation parameters:
0.000000002649 -0.000000001583 0.000000001433 0.000000000871 0.000000000228 -0.000000000491 
-0.000000001583 0.000000006259 -0.000000001606 -0.000000002402 -0.000000000191 0.000000000625 
0.000000001433 -0.000000001606 0.000000003266 0.000000000538 0.000000000326 -0.000000000344 
0.000000000871 -0.000000002402 0.000000000538 0.000000002458 0.000000000077 -0.000000000697 
0.000000000228 -0.000000000191 0.000000000326 0.000000000077 0.000000014009 -0.000000000077 
-0.000000000491 0.000000000625 -0.000000000344 -0.000000000697 -0.000000000077 0.000000000849 

Standard Deviations of estimated transformation parameters:
Std_Rx = 3.2766329584 mgon
Std_Ry = 5.0364809350 mgon
Std_Rz = 3.6379978691 mgon
Std_tx = 0.0495743879 mm
Std_ty = 0.1183597477 mm
Std_tz = 0.0291402752 mm
