4x4 Transformation Matrix:
0.999342441559 -0.010072316043 -0.034830447286 0.015976227820 
0.010089679621 0.999949097633 0.000322779611 0.012133479118 
0.034825418144 -0.000673995062 0.999393045902 -0.004917196929 
0.000000000000 0.000000000000 0.000000000000 1.000000000000 

Rotation Angles (unit: gon):
Rx = -0.0429339125
Ry = -2.2175034455
Rz = 0.6427297537
Translation (unit: m):
tx = 0.0159762278
ty = 0.0121334791
tz = -0.0049171969

6x6 Variance-Covariance Matrix of transformation parameters:
0.000000005482 -0.000000002273 0.000000002711 0.000000001570 0.000000000448 -0.000000001118 
-0.000000002273 0.000000007852 -0.000000001785 -0.000000003199 -0.000000000333 0.000000000802 
0.000000002711 -0.000000001785 0.000000004582 0.000000000634 0.000000000717 -0.000000000603 
0.000000001570 -0.000000003199 0.000000000634 0.000000003429 0.000000000128 -0.000000001086 
0.000000000448 -0.000000000333 0.000000000717 0.000000000128 0.000000029596 -0.000000000119 
-0.000000001118 0.000000000802 -0.000000000603 -0.000000001086 -0.000000000119 0.000000001338 

Standard Deviations of estimated transformation parameters:
Std_Rx = 4.7135389071 mgon
Std_Ry = 5.6411297483 mgon
Std_Rz = 4.3092929638 mgon
Std_tx = 0.0585569647 mm
Std_ty = 0.1720351571 mm
Std_tz = 0.0365770727 mm
