4x4 Transformation Matrix:
0.999301552773 -0.013074854389 -0.035005543381 0.012383878231 
0.013010380790 0.999913215637 -0.002068999456 0.003369808197 
0.035029556602 0.001612120308 0.999384880066 -0.009584970772 
0.000000000000 0.000000000000 0.000000000000 1.000000000000 

Rotation Angles (unit: gon):
Rx = 0.1026938433
Ry = -2.2305071296
Rz = 0.8287986327
Translation (unit: m):
tx = 0.0123838782
ty = 0.0033698082
tz = -0.0095849708

6x6 Variance-Covariance Matrix of transformation parameters:
0.000000006207 -0.000000002726 0.000000003120 0.000000001746 -0.000000000440 -0.000000001094 
-0.000000002726 0.000000009853 -0.000000002288 -0.000000003885 0.000000000478 0.000000000679 
0.000000003120 -0.000000002288 0.000000005628 0.000000000699 -0.000000001449 -0.000000000589 
0.000000001746 -0.000000003885 0.000000000699 0.000000004194 0.000000000010 -0.000000001164 
-0.000000000440 0.000000000478 -0.000000001449 0.000000000010 0.000000019044 0.000000000066 
-0.000000001094 0.000000000679 -0.000000000589 -0.000000001164 0.000000000066 0.000000001519 

Standard Deviations of estimated transformation parameters:
Std_Rx = 5.0157628224 mgon
Std_Ry = 6.3192949368 mgon
Std_Rz = 4.7758773040 mgon
Std_tx = 0.0647611335 mm
Std_ty = 0.1380015822 mm
Std_tz = 0.0389798748 mm
