4x4 Transformation Matrix:
0.999097108841 -0.029109464958 -0.030941622332 0.033809557557 
0.029096927494 0.999576091766 -0.000855243532 0.009112358093 
0.030953405425 -0.000045835746 0.999520838261 -0.010629598051 
0.000000000000 0.000000000000 0.000000000000 1.000000000000 

Rotation Angles (unit: gon):
Rx = -0.0029193931
Ry = -1.9708698206
Rz = 1.8535180400
Translation (unit: m):
tx = 0.0338095576
ty = 0.0091123581
tz = -0.0106295981

6x6 Variance-Covariance Matrix of transformation parameters:
0.000000007739 -0.000000003485 0.000000002039 0.000000000602 -0.000000000174 -0.000000001596 
-0.000000003485 0.000000011128 -0.000000002298 -0.000000004328 0.000000000366 0.000000001319 
0.000000002039 -0.000000002298 0.000000020424 0.000000012583 -0.000000003971 -0.000000000723 
0.000000000602 -0.000000004328 0.000000012583 0.000000015463 -0.000000002409 -0.000000001448 
-0.000000000174 0.000000000366 -0.000000003971 -0.000000002409 0.000000014561 0.000000000084 
-0.000000001596 0.000000001319 -0.000000000723 -0.000000001448 0.000000000084 0.000000001788 

Standard Deviations of estimated transformation parameters:
Std_Rx = 5.6004020310 mgon
Std_Ry = 6.7155506978 mgon
Std_Rz = 9.0980363009 mgon
Std_tx = 0.1243514096 mm
Std_ty = 0.1206669664 mm
Std_tz = 0.0422860981 mm
