4x4 Transformation Matrix:
0.999194979668 -0.019813913852 -0.034883994609 0.034590333700 
0.020365638658 0.999671936035 0.015532480553 0.015968918800 
0.034564789385 -0.016230411828 0.999270677567 0.007623273879 
0.000000000000 0.000000000000 0.000000000000 1.000000000000 

Rotation Angles (unit: gon):
Rx = -1.0339233244
Ry = -2.2009013426
Rz = 1.2973817448
Translation (unit: m):
tx = 0.0345903337
ty = 0.0159689188
tz = 0.0076232739

6x6 Variance-Covariance Matrix of transformation parameters:
0.000000005167 -0.000000002732 0.000000002650 0.000000001677 0.000000000313 -0.000000001298 
-0.000000002732 0.000000009129 -0.000000004990 -0.000000007109 -0.000000000829 0.000000001409 
0.000000002650 -0.000000004990 0.000000030347 0.000000022126 0.000000004507 -0.000000001714 
0.000000001677 -0.000000007109 0.000000022126 0.000000023571 0.000000003482 -0.000000002425 
0.000000000313 -0.000000000829 0.000000004507 0.000000003482 0.000000023019 -0.000000000275 
-0.000000001298 0.000000001409 -0.000000001714 -0.000000002425 -0.000000000275 0.000000001479 

Standard Deviations of estimated transformation parameters:
Std_Rx = 4.5760038132 mgon
Std_Ry = 6.0826127738 mgon
Std_Rz = 11.0901801183 mgon
Std_tx = 0.1535274460 mm
Std_ty = 0.1517213764 mm
Std_tz = 0.0384564449 mm
