4x4 Transformation Matrix:
0.999665439129 -0.001090920763 -0.025843171403 0.000896297395 
0.001506112050 0.999870061874 0.016051797196 0.006737589836 
0.025822302327 -0.016085349023 0.999537050724 0.007132399827 
0.000000000000 0.000000000000 0.000000000000 1.000000000000 

Rotation Angles (unit: gon):
Rx = -1.0244109816
Ry = -1.6440815542
Rz = 0.0959140876
Translation (unit: m):
tx = 0.0008962974
ty = 0.0067375898
tz = 0.0071323998

6x6 Variance-Covariance Matrix of transformation parameters:
0.000000005061 -0.000000002622 0.000000001066 0.000000000314 -0.000000000079 -0.000000000853 
-0.000000002622 0.000000008042 -0.000000000283 -0.000000003027 0.000000000105 0.000000001080 
0.000000001066 -0.000000000283 0.000000008921 0.000000003771 -0.000000000669 -0.000000000134 
0.000000000314 -0.000000003027 0.000000003771 0.000000007368 -0.000000000136 -0.000000001167 
-0.000000000079 0.000000000105 -0.000000000669 -0.000000000136 0.000000011790 -0.000000000080 
-0.000000000853 0.000000001080 -0.000000000134 -0.000000001167 -0.000000000080 0.000000001317 

Standard Deviations of estimated transformation parameters:
Std_Rx = 4.5290738507 mgon
Std_Ry = 5.7089801823 mgon
Std_Rz = 6.0128824975 mgon
Std_tx = 0.0858390001 mm
Std_ty = 0.1085804050 mm
Std_tz = 0.0362850744 mm
