4x4 Transformation Matrix:
0.999011516571 -0.012329855002 -0.042707785964 0.023352429271 
0.012667957693 0.999890506268 0.007655132562 0.017715096474 
0.042608719319 -0.008188589476 0.999058306217 -0.002256240696 
0.000000000000 0.000000000000 0.000000000000 1.000000000000 

Rotation Angles (unit: gon):
Rx = -0.5217815109
Ry = -2.7133768394
Rz = 0.8072219346
Translation (unit: m):
tx = 0.0233524293
ty = 0.0177150965
tz = -0.0022562407

6x6 Variance-Covariance Matrix of transformation parameters:
0.000000004612 -0.000000002377 0.000000001463 0.000000000769 0.000000000063 -0.000000001163 
-0.000000002377 0.000000007461 -0.000000001859 -0.000000003941 -0.000000000265 0.000000001250 
0.000000001463 -0.000000001859 0.000000014673 0.000000009438 0.000000002883 -0.000000000684 
0.000000000769 -0.000000003941 0.000000009438 0.000000011700 0.000000001910 -0.000000001475 
0.000000000063 -0.000000000265 0.000000002883 0.000000001910 0.000000022753 -0.000000000077 
-0.000000001163 0.000000001250 -0.000000000684 -0.000000001475 -0.000000000077 0.000000001374 

Standard Deviations of estimated transformation parameters:
Std_Rx = 4.3235842218 mgon
Std_Ry = 5.4989153645 mgon
Std_Rz = 7.7114296329 mgon
Std_tx = 0.1081654245 mm
Std_ty = 0.1508405466 mm
Std_tz = 0.0370712944 mm
