2
0.999888777733 0.013260036707 0.006821268238 -0.007880799472 
-0.013268718496 0.999911129475 0.001229494228 0.003330111504 
-0.006804359611 -0.001319867442 0.999976038933 0.007921583951 
0.000000000000 0.000000000000 0.000000000000 1.000000000000 
0.000000001923 -0.000000001136 0.000000000954 0.000000000563 -0.000000000212 -0.000000000256 
-0.000000001136 0.000000005073 -0.000000001212 -0.000000001794 0.000000000075 0.000000000375 
0.000000000954 -0.000000001212 0.000000002543 0.000000000570 0.000000000033 -0.000000000207 
0.000000000563 -0.000000001794 0.000000000570 0.000000001946 -0.000000000068 -0.000000000482 
-0.000000000212 0.000000000075 0.000000000033 -0.000000000068 0.000000016892 0.000000000095 
-0.000000000256 0.000000000375 -0.000000000207 -0.000000000482 0.000000000095 0.000000000657 
3
0.999995172024 0.003093532752 0.000307018519 0.003517977893 
-0.003094224026 0.999992549419 0.002278632950 0.008794903755 
-0.000299966399 -0.002279573120 0.999997437000 0.004710517824 
0.000000000000 0.000000000000 0.000000000000 1.000000000000 
0.000000002044 -0.000000001186 0.000000001029 0.000000000735 0.000000000285 -0.000000000583 
-0.000000001186 0.000000005202 -0.000000001264 -0.000000001772 -0.000000000297 0.000000000394 
0.000000001029 -0.000000001264 0.000000002160 0.000000000643 0.000000000418 -0.000000000351 
0.000000000735 -0.000000001772 0.000000000643 0.000000001747 0.000000000156 -0.000000000571 
0.000000000285 -0.000000000297 0.000000000418 0.000000000156 0.000000005560 -0.000000000096 
-0.000000000583 0.000000000394 -0.000000000351 -0.000000000571 -0.000000000096 0.000000000824 
4
0.999794661999 -0.011646850966 -0.016590783373 0.022695206106 
0.011513470672 0.999900758266 -0.008112322539 0.011377930641 
0.016683621332 0.007919638418 0.999829351902 -0.009466469288 
0.000000000000 0.000000000000 0.000000000000 1.000000000000 
0.000000002132 -0.000000001107 0.000000001001 0.000000000667 0.000000000248 -0.000000000391 
-0.000000001107 0.000000004893 -0.000000001110 -0.000000001833 -0.000000000228 0.000000000463 
0.000000001001 -0.000000001110 0.000000002393 0.000000000434 0.000000000404 -0.000000000269 
0.000000000667 -0.000000001833 0.000000000434 0.000000001936 0.000000000102 -0.000000000544 
0.000000000248 -0.000000000228 0.000000000404 0.000000000102 0.000000006608 -0.000000000066 
-0.000000000391 0.000000000463 -0.000000000269 -0.000000000544 -0.000000000066 0.000000000714 
5
0.999776721001 0.000766531739 -0.021119620651 0.006140768528 
-0.000679026416 0.999991238117 0.004150187597 0.010871410370 
0.021122617647 -0.004134918563 0.999768376350 0.001521363854 
0.000000000000 0.000000000000 0.000000000000 1.000000000000 
0.000000002649 -0.000000001583 0.000000001433 0.000000000871 0.000000000228 -0.000000000491 
-0.000000001583 0.000000006259 -0.000000001606 -0.000000002402 -0.000000000191 0.000000000625 
0.000000001433 -0.000000001606 0.000000003266 0.000000000538 0.000000000326 -0.000000000344 
0.000000000871 -0.000000002402 0.000000000538 0.000000002458 0.000000000077 -0.000000000697 
0.000000000228 -0.000000000191 0.000000000326 0.000000000077 0.000000014009 -0.000000000077 
-0.000000000491 0.000000000625 -0.000000000344 -0.000000000697 -0.000000000077 0.000000000849 
6
0.999342441559 -0.010072316043 -0.034830447286 0.015976227820 
0.010089679621 0.999949097633 0.000322779611 0.012133479118 
0.034825418144 -0.000673995062 0.999393045902 -0.004917196929 
0.000000000000 0.000000000000 0.000000000000 1.000000000000 
0.000000005482 -0.000000002273 0.000000002711 0.000000001570 0.000000000448 -0.000000001118 
-0.000000002273 0.000000007852 -0.000000001785 -0.000000003199 -0.000000000333 0.000000000802 
0.000000002711 -0.000000001785 0.000000004582 0.000000000634 0.000000000717 -0.000000000603 
0.000000001570 -0.000000003199 0.000000000634 0.000000003429 0.000000000128 -0.000000001086 
0.000000000448 -0.000000000333 0.000000000717 0.000000000128 0.000000029596 -0.000000000119 
-0.000000001118 0.000000000802 -0.000000000603 -0.000000001086 -0.000000000119 0.000000001338 
7
0.999191761017 -0.026017118245 -0.030637247488 0.037352297455 
0.026075812057 0.999658584595 0.001518044388 0.017778359354 
0.030587300658 -0.002315710764 0.999529480934 -0.005949967541 
0.000000000000 0.000000000000 0.000000000000 1.000000000000 
0.000000009763 -0.000000004657 0.000000003073 0.000000001361 0.000000000135 -0.000000002255 
-0.000000004657 0.000000016341 -0.000000003546 -0.000000006144 0.000000000068 0.000000001786 
0.000000003073 -0.000000003546 0.000000022593 0.000000013414 -0.000000003657 -0.000000001097 
0.000000001361 -0.000000006144 0.000000013414 0.000000017458 -0.000000002338 -0.000000002051 
0.000000000135 0.000000000068 -0.000000003657 -0.000000002338 0.000000020163 -0.000000000038 
-0.000000002255 0.000000001786 -0.000000001097 -0.000000002051 -0.000000000038 0.000000002651 
8
0.999180495739 -0.020535456017 -0.034887291491 0.035828307271 
0.021086666733 0.999657452106 0.015506054275 0.015628743917 
0.034556917846 -0.016228992492 0.999270796776 0.007606675848 
0.000000000000 0.000000000000 0.000000000000 1.000000000000 
0.000000006624 -0.000000003547 0.000000002772 0.000000001506 -0.000000000537 -0.000000001247 
-0.000000003547 0.000000012216 -0.000000003468 -0.000000005931 0.000000000890 0.000000001507 
0.000000002772 -0.000000003468 0.000000019610 0.000000011148 -0.000000006611 -0.000000001004 
0.000000001506 -0.000000005931 0.000000011148 0.000000014249 -0.000000004236 -0.000000001950 
-0.000000000537 0.000000000890 -0.000000006611 -0.000000004236 0.000000028509 0.000000000243 
-0.000000001247 0.000000001507 -0.000000001004 -0.000000001950 0.000000000243 0.000000001841 
9
0.999014198780 -0.012469165958 -0.042607918382 0.023394515738 
0.012806102633 0.999888718128 0.007644093595 0.018067311496 
0.042507864535 -0.008182195015 0.999062418938 -0.002266973723 
0.000000000000 0.000000000000 0.000000000000 1.000000000000 
0.000000007220 -0.000000003766 0.000000001985 0.000000000955 0.000000000119 -0.000000001368 
-0.000000003766 0.000000012879 -0.000000001432 -0.000000004833 -0.000000000130 0.000000001695 
0.000000001985 -0.000000001432 0.000000011343 0.000000004294 -0.000000000433 -0.000000000370 
0.000000000955 -0.000000004833 0.000000004294 0.000000009374 -0.000000000172 -0.000000001673 
0.000000000119 -0.000000000130 -0.000000000433 -0.000000000172 0.000000018430 -0.000000000064 
-0.000000001368 0.000000001695 -0.000000000370 -0.000000001673 -0.000000000064 0.000000002065 
10
0.999425888062 -0.004311121069 -0.033606380224 0.016319854185 
0.004415228497 0.999985814095 0.003024295671 0.021037561819 
0.033592864871 -0.003170934971 0.999430537224 -0.006045097020 
0.000000000000 0.000000000000 0.000000000000 1.000000000000 
0.000000006838 -0.000000003767 0.000000002325 0.000000001336 0.000000000130 -0.000000001497 
-0.000000003767 0.000000012625 -0.000000001568 -0.000000004735 -0.000000000325 0.000000001627 
0.000000002325 -0.000000001568 0.000000011027 0.000000003221 -0.000000001685 -0.000000000333 
0.000000001336 -0.000000004735 0.000000003221 0.000000007574 -0.000000000542 -0.000000001556 
0.000000000130 -0.000000000325 -0.000000001685 -0.000000000542 0.000000020888 -0.000000000160 
-0.000000001497 0.000000001627 -0.000000000333 -0.000000001556 -0.000000000160 0.000000002047 
11
0.999772489071 0.011425797828 -0.018006034195 0.002734730020 
-0.011583548039 0.999895215034 -0.008681266569 0.025273472071 
0.017904963344 0.008887864649 0.999800026417 -0.014565296471 
0.000000000000 0.000000000000 0.000000000000 1.000000000000 
0.000000011119 -0.000000003204 0.000000003732 0.000000001619 0.000000001504 -0.000000003017 
-0.000000003204 0.000000020456 -0.000000002817 -0.000000007835 -0.000000000989 0.000000000182 
0.000000003732 -0.000000002817 0.000000026801 0.000000013739 0.000000003099 -0.000000000981 
0.000000001619 -0.000000007835 0.000000013739 0.000000018969 0.000000001834 -0.000000002469 
0.000000001504 -0.000000000989 0.000000003099 0.000000001834 0.000000039070 -0.000000000784 
-0.000000003017 0.000000000182 -0.000000000981 -0.000000002469 -0.000000000784 0.000000004182 
12
0.999923586845 -0.004108378664 -0.011659013107 0.018881253898 
0.004000738729 0.999949216843 -0.009240901098 0.020224563777 
0.011696379632 0.009193548001 0.999889254570 -0.013405211270 
0.000000000000 0.000000000000 0.000000000000 1.000000000000 
0.000000010962 -0.000000003057 0.000000004479 0.000000002064 0.000000002048 -0.000000003231 
-0.000000003057 0.000000021306 -0.000000003441 -0.000000009385 -0.000000001016 0.000000000092 
0.000000004479 -0.000000003441 0.000000028062 0.000000014694 0.000000002532 -0.000000001216 
0.000000002064 -0.000000009385 0.000000014694 0.000000022168 0.000000001541 -0.000000002922 
0.000000002048 -0.000000001016 0.000000002532 0.000000001541 0.000000040356 -0.000000001077 
-0.000000003231 0.000000000092 -0.000000001216 -0.000000002922 -0.000000001077 0.000000004387 
13
0.999974071980 -0.001169085037 -0.007090013940 0.011933100410 
0.001073649968 0.999908804893 -0.013449249789 0.024453494698 
0.007105095778 0.013441290706 0.999884426594 -0.020844046026 
0.000000000000 0.000000000000 0.000000000000 1.000000000000 
0.000000013226 -0.000000004105 0.000000006008 0.000000002663 0.000000001074 -0.000000003248 
-0.000000004105 0.000000027622 -0.000000005038 -0.000000011047 -0.000000000391 0.000000000244 
0.000000006008 -0.000000005038 0.000000031684 0.000000016879 -0.000000001975 -0.000000002255 
0.000000002663 -0.000000011047 0.000000016879 0.000000025992 -0.000000001280 -0.000000003832 
0.000000001074 -0.000000000391 -0.000000001975 -0.000000001280 0.000000027816 -0.000000000528 
-0.000000003248 0.000000000244 -0.000000002255 -0.000000003832 -0.000000000528 0.000000004885 
14
0.999624133110 -0.016865056008 -0.021617185324 0.030522037297 
0.016647292301 0.999809145927 -0.010214160196 0.023053310812 
0.021785335615 0.009850453585 0.999713897705 -0.016320411116 
0.000000000000 0.000000000000 0.000000000000 1.000000000000 
0.000000011188 -0.000000003231 0.000000004896 0.000000002368 0.000000002063 -0.000000002041 
-0.000000003231 0.000000025067 -0.000000004643 -0.000000010395 -0.000000000588 0.000000000338 
0.000000004896 -0.000000004643 0.000000022668 0.000000010766 0.000000002746 -0.000000001796 
0.000000002368 -0.000000010395 0.000000010766 0.000000019364 0.000000002277 -0.000000003560 
0.000000002063 -0.000000000588 0.000000002746 0.000000002277 0.000000027130 -0.000000001355 
-0.000000002041 0.000000000338 -0.000000001796 -0.000000003560 -0.000000001355 0.000000004428 
15
0.999782204628 -0.020002335310 -0.005992740393 0.032668352127 
0.019925238565 0.999721288681 -0.012658939697 0.027537612244 
0.006244279444 0.012536772527 0.999901950359 -0.023779120296 
0.000000000000 0.000000000000 0.000000000000 1.000000000000 
0.000000014745 -0.000000000347 0.000000004175 0.000000001815 0.000000001966 -0.000000002256 
-0.000000000347 0.000000036600 -0.000000009090 -0.000000014096 -0.000000001967 0.000000000282 
0.000000004175 -0.000000009090 0.000000036203 0.000000018393 0.000000002610 -0.000000001766 
0.000000001815 -0.000000014096 0.000000018393 0.000000028438 0.000000001733 -0.000000003721 
0.000000001966 -0.000000001967 0.000000002610 0.000000001733 0.000000044375 -0.000000000971 
-0.000000002256 0.000000000282 -0.000000001766 -0.000000003721 -0.000000000971 0.000000005974 
16
0.999846637249 -0.013704073615 0.010886386037 0.022915503010 
0.013899983838 0.999738812447 -0.018129561096 0.023774743080 
-0.010635101236 0.018278107047 0.999776422977 -0.031132277101 
0.000000000000 0.000000000000 0.000000000000 1.000000000000 
0.000000016963 -0.000000002417 0.000000005546 0.000000002819 0.000000000958 -0.000000002149 
-0.000000002417 0.000000044824 -0.000000010872 -0.000000016150 -0.000000001698 -0.000000000874 
0.000000005546 -0.000000010872 0.000000040055 0.000000020274 -0.000000001792 -0.000000002508 
0.000000002819 -0.000000016150 0.000000020274 0.000000032700 -0.000000001029 -0.000000004111 
0.000000000958 -0.000000001698 -0.000000001792 -0.000000001029 0.000000031028 -0.000000000282 
-0.000000002149 -0.000000000874 -0.000000002508 -0.000000004111 -0.000000000282 0.000000006656 
17
0.999948263168 -0.010152340867 0.000753626227 0.017998691648 
0.010167900473 0.999640941620 -0.024787945673 0.020247649401 
-0.000501677394 0.024794314057 0.999692261219 -0.037530608475 
0.000000000000 0.000000000000 0.000000000000 1.000000000000 
0.000000013120 -0.000000002407 0.000000005163 0.000000002702 0.000000001964 -0.000000001846 
-0.000000002407 0.000000036824 -0.000000008457 -0.000000013753 -0.000000001163 -0.000000000466 
0.000000005163 -0.000000008457 0.000000028992 0.000000012969 0.000000002669 -0.000000001839 
0.000000002702 -0.000000013753 0.000000012969 0.000000024527 0.000000002348 -0.000000003826 
0.000000001964 -0.000000001163 0.000000002669 0.000000002348 0.000000029307 -0.000000001272 
-0.000000001846 -0.000000000466 -0.000000001839 -0.000000003826 -0.000000001272 0.000000005328 
18
0.999792456627 -0.020302560180 -0.001718396321 0.028599062935 
0.020252767950 0.999476194382 -0.025234766304 0.020563736558 
0.002229847945 0.025194726884 0.999679863453 -0.036833010614 
0.000000000000 0.000000000000 0.000000000000 1.000000000000 
0.000000013539 -0.000000002417 0.000000005141 0.000000002658 0.000000001867 -0.000000001474 
-0.000000002417 0.000000037812 -0.000000008860 -0.000000014071 -0.000000001228 -0.000000000521 
0.000000005141 -0.000000008860 0.000000028822 0.000000012569 0.000000002378 -0.000000001729 
0.000000002658 -0.000000014071 0.000000012569 0.000000024526 0.000000002305 -0.000000003803 
0.000000001867 -0.000000001228 0.000000002378 0.000000002305 0.000000029170 -0.000000001233 
-0.000000001474 -0.000000000521 -0.000000001729 -0.000000003803 -0.000000001233 0.000000005490 
19
0.999514698982 -0.030764767900 0.004899622872 0.036821920425 
0.030859038234 0.999313592911 -0.020495276898 0.021322783083 
-0.004265729338 0.020636523142 0.999777793884 -0.033962324262 
0.000000000000 0.000000000000 0.000000000000 1.000000000000 
0.000000014102 -0.000000001771 0.000000004874 0.000000002643 0.000000001861 -0.000000001328 
-0.000000001771 0.000000039162 -0.000000009317 -0.000000014406 -0.000000001418 -0.000000000256 
0.000000004874 -0.000000009317 0.000000030178 0.000000012561 0.000000002433 -0.000000001887 
0.000000002643 -0.000000014406 0.000000012561 0.000000025550 0.000000002417 -0.000000003924 
0.000000001861 -0.000000001418 0.000000002433 0.000000002417 0.000000029803 -0.000000001277 
-0.000000001328 -0.000000000256 -0.000000001887 -0.000000003924 -0.000000001277 0.000000005678 
20
0.999520301819 -0.028455780819 0.012226564810 0.031343221664 
0.028760850430 0.999260008335 -0.025546373799 0.020462743938 
-0.011490559205 0.025885768235 0.999598681927 -0.043630842119 
0.000000000000 0.000000000000 0.000000000000 1.000000000000 
0.000000013906 -0.000000002152 0.000000004885 0.000000002725 0.000000001966 -0.000000001435 
-0.000000002152 0.000000039216 -0.000000008402 -0.000000013926 -0.000000001406 -0.000000000836 
0.000000004885 -0.000000008402 0.000000029182 0.000000011738 0.000000002487 -0.000000001722 
0.000000002725 -0.000000013926 0.000000011738 0.000000025231 0.000000002425 -0.000000003740 
0.000000001966 -0.000000001406 0.000000002487 0.000000002425 0.000000029628 -0.000000001208 
-0.000000001435 -0.000000000836 -0.000000001722 -0.000000003740 -0.000000001208 0.000000005635 
