1
1.0000000000 0.0000000000 0.0000000000 0.0000000000 
0.0000000000 1.0000000000 0.0000000000 0.0000000000 
0.0000000000 0.0000000000 1.0000000000 0.0000000000 
0.0000000000 0.0000000000 0.0000000000 1.0000000000 
2
1.0000000000 0.0132561503 0.0069093052 -0.0078474525 
-0.0132561503 1.0000000000 0.0012942962 0.0044708252 
-0.0069093052 -0.0012942962 1.0000000000 0.0078806356 
0.0000000000 0.0000000000 0.0000000000 1.0000000000 
3
1.0000000000 0.0030924627 0.0002066613 0.0035602662 
-0.0030924627 1.0000000000 0.0021475730 0.0086395741 
-0.0002066613 -0.0021475730 1.0000000000 0.0045281630 
0.0000000000 0.0000000000 0.0000000000 1.0000000000 
4
1.0000000000 -0.0116880815 -0.0168247856 0.0229121260 
0.0116880815 1.0000000000 -0.0080043972 0.0112030506 
0.0168247856 0.0080043972 1.0000000000 -0.0095592318 
0.0000000000 0.0000000000 0.0000000000 1.0000000000 
5
1.0000000000 0.0006977482 -0.0211721305 0.0062441956 
-0.0006977482 1.0000000000 0.0040714405 0.0110086203 
0.0211721305 -0.0040714405 1.0000000000 0.0014393390 
0.0000000000 0.0000000000 0.0000000000 1.0000000000 
6
1.0000000000 -0.0102339955 -0.0346945971 0.0162546486 
0.0102339955 1.0000000000 0.0006562029 0.0121665001 
0.0346945971 -0.0006562029 1.0000000000 -0.0049162991 
0.0000000000 0.0000000000 0.0000000000 1.0000000000 
7
1.0000000000 -0.0265623685 -0.0301725492 0.0383064374 
0.0265623685 1.0000000000 0.0023595607 0.0170696974 
0.0301725492 -0.0023595607 1.0000000000 -0.0059204130 
0.0000000000 0.0000000000 0.0000000000 1.0000000000 
8
1.0000000000 -0.0202070009 -0.0344815440 0.0353987813 
0.0202070009 1.0000000000 0.0161121245 0.0158038139 
0.0344815440 -0.0161121245 1.0000000000 0.0075017791 
0.0000000000 0.0000000000 0.0000000000 1.0000000000 
9
1.0000000000 -0.0126223182 -0.0423123017 0.0237664469 
0.0126223182 1.0000000000 0.0081727086 0.0176346302 
0.0423123017 -0.0081727086 1.0000000000 -0.0022462877 
0.0000000000 0.0000000000 0.0000000000 1.0000000000 
10
1.0000000000 -0.0044645234 -0.0336698145 0.0165299326 
0.0044645234 1.0000000000 0.0029443910 0.0212451220 
0.0336698145 -0.0029443910 1.0000000000 -0.0063021858 
0.0000000000 0.0000000000 0.0000000000 1.0000000000 
11
1.0000000000 0.0109871374 -0.0177046955 0.0033935802 
-0.0109871374 1.0000000000 -0.0087532783 0.0255197287 
0.0177046955 0.0087532783 1.0000000000 -0.0143707320 
0.0000000000 0.0000000000 0.0000000000 1.0000000000 
12
1.0000000000 -0.0043761064 -0.0118830251 0.0196361057 
0.0043761064 1.0000000000 -0.0092720613 0.0205657482 
0.0118830251 0.0092720613 1.0000000000 -0.0134588499 
0.0000000000 0.0000000000 0.0000000000 1.0000000000 
13
1.0000000000 -0.0012953616 -0.0068262145 0.0122610787 
0.0012953616 1.0000000000 -0.0132550858 0.0241466761 
0.0068262145 0.0132550858 1.0000000000 -0.0206203274 
0.0000000000 0.0000000000 0.0000000000 1.0000000000 
14
1.0000000000 -0.0166852362 -0.0216493700 0.0302864388 
0.0166852362 1.0000000000 -0.0096182730 0.0228793621 
0.0216493700 0.0096182730 1.0000000000 -0.0158678815 
0.0000000000 0.0000000000 0.0000000000 1.0000000000 
15
1.0000000000 -0.0202996787 -0.0065758773 0.0335463807 
0.0202996787 1.0000000000 -0.0125647942 0.0277600288 
0.0065758773 0.0125647942 1.0000000000 -0.0236705169 
0.0000000000 0.0000000000 0.0000000000 1.0000000000 
16
1.0000000000 -0.0138867870 0.0107964547 0.0234422758 
0.0138867870 1.0000000000 -0.0181499757 0.0234253407 
-0.0107964547 0.0181499757 1.0000000000 -0.0308612753 
0.0000000000 0.0000000000 0.0000000000 1.0000000000 
17
1.0000000000 -0.0097620832 0.0006391587 0.0174622294 
0.0097620832 1.0000000000 -0.0244371668 0.0198659897 
-0.0006391587 0.0244371668 1.0000000000 -0.0368967541 
0.0000000000 0.0000000000 0.0000000000 1.0000000000 
18
1.0000000000 -0.0198799651 -0.0020527646 0.0280611999 
0.0198799651 1.0000000000 -0.0248590112 0.0201967955 
0.0020527646 0.0248590112 1.0000000000 -0.0362819843 
0.0000000000 0.0000000000 0.0000000000 1.0000000000 
19
1.0000000000 -0.0304889325 0.0043611927 0.0364699550 
0.0304889325 1.0000000000 -0.0202421546 0.0208694935 
-0.0043611927 0.0202421546 1.0000000000 -0.0332752839 
0.0000000000 0.0000000000 0.0000000000 1.0000000000 
20
1.0000000000 -0.0283328388 0.0114856809 0.0313666239 
0.0283328388 1.0000000000 -0.0255652815 0.0200173855 
-0.0114856809 0.0255652815 1.0000000000 -0.0430397168 
0.0000000000 0.0000000000 0.0000000000 1.0000000000 
