4x4 Transformation Matrix:
0.999909222126 -0.005056152586 -0.012490342371 0.010010086000 
0.005042377394 0.999986648560 -0.001134056714 0.010205149651 
0.012495908886 0.001070975326 0.999921321869 -0.007737495005 
0.000000000000 0.000000000000 0.000000000000 1.000000000000 

Rotation Angles (unit: gon):
Rx = 0.0681857429
Ry = -0.7955349592
Rz = 0.3210341285
Translation (unit: m):
tx = 0.0100100860
ty = 0.0102051497
tz = -0.0077374950

6x6 Variance-Covariance Matrix of transformation parameters:
0.000000004231 -0.000000002188 0.000000000958 0.000000000488 -0.000000000136 -0.000000000958 
-0.000000002188 0.000000006362 0.000000000079 -0.000000002314 -0.000000000128 0.000000000987 
0.000000000958 0.000000000079 0.000000007722 0.000000002581 -0.000000001961 -0.000000000018 
0.000000000488 -0.000000002314 0.000000002581 0.000000005015 -0.000000000581 -0.000000000922 
-0.000000000136 -0.000000000128 -0.000000001961 -0.000000000581 0.000000006855 -0.000000000047 
-0.000000000958 0.000000000987 -0.000000000018 -0.000000000922 -0.000000000047 0.000000001202 

Standard Deviations of estimated transformation parameters:
Std_Rx = 4.1409425484 mgon
Std_Ry = 5.0777847207 mgon
Std_Rz = 5.5943554867 mgon
Std_tx = 0.0708135649 mm
Std_ty = 0.0827950354 mm
Std_tz = 0.0346666872 mm
