4x4 Transformation Matrix:
0.999621868134 0.021816432476 0.016736673191 -0.013436213136 
-0.021665049717 0.999723136425 -0.009173321538 0.013279199600 
-0.016932165250 0.008807252161 0.999817788601 -0.009176798165 
0.000000000000 0.000000000000 0.000000000000 1.000000000000 

Rotation Angles (unit: gon):
Rx = 0.5607747763
Ry = 1.0779865823
Rz = -1.3795456003
Translation (unit: m):
tx = -0.0134362131
ty = 0.0132791996
tz = -0.0091767982

6x6 Variance-Covariance Matrix of transformation parameters:
0.000000005709 -0.000000000897 0.000000001585 0.000000000389 0.000000001185 -0.000000001849 
-0.000000000897 0.000000012623 -0.000000001018 -0.000000004726 -0.000000000642 -0.000000000650 
0.000000001585 -0.000000001018 0.000000022127 0.000000012839 0.000000002573 -0.000000000732 
0.000000000389 -0.000000004726 0.000000012839 0.000000015202 0.000000001805 -0.000000001737 
0.000000001185 -0.000000000642 0.000000002573 0.000000001805 0.000000009530 -0.000000000702 
-0.000000001849 -0.000000000650 -0.000000000732 -0.000000001737 -0.000000000702 0.000000002927 

Standard Deviations of estimated transformation parameters:
Std_Rx = 4.8103136641 mgon
Std_Ry = 7.1526618420 mgon
Std_Rz = 9.4697576639 mgon
Std_tx = 0.1232973314 mm
Std_ty = 0.0976206037 mm
Std_tz = 0.0540986967 mm
