4x4 Transformation Matrix:
0.999535441399 0.021670266986 -0.021438116208 -0.017679981887 
-0.021595431492 0.999759674072 0.003716553096 0.022608041763 
0.021513504907 -0.003251862945 0.999763309956 0.010073579848 
0.000000000000 0.000000000000 0.000000000000 1.000000000000 

Rotation Angles (unit: gon):
Rx = -0.2070683015
Ry = -1.3696979142
Rz = -1.3752328576
Translation (unit: m):
tx = -0.0176799819
ty = 0.0226080418
tz = 0.0100735798

6x6 Variance-Covariance Matrix of transformation parameters:
0.000000110920 -0.000000067245 0.000000096158 0.000000082176 -0.000000001843 -0.000000047153 
-0.000000067245 0.000000154283 -0.000000174047 -0.000000171672 0.000000000684 0.000000021092 
0.000000096158 -0.000000174047 0.000000767344 0.000000672351 -0.000000006103 -0.000000088698 
0.000000082176 -0.000000171672 0.000000672351 0.000000640791 -0.000000005521 -0.000000092490 
-0.000000001843 0.000000000684 -0.000000006103 -0.000000005521 0.000000131428 0.000000001496 
-0.000000047153 0.000000021092 -0.000000088698 -0.000000092490 0.000000001496 0.000000049900 

Standard Deviations of estimated transformation parameters:
Std_Rx = 21.2024118355 mgon
Std_Ry = 25.0056701249 mgon
Std_Rz = 55.7667310672 mgon
Std_tx = 0.8004941533 mm
Std_ty = 0.3625298425 mm
Std_tz = 0.2233820594 mm
