4x4 Transformation Matrix:
0.999375700951 0.031294513494 0.016395132989 -0.031102415174 
-0.030884500593 0.999217927456 -0.024690916762 0.010181903839 
-0.017155004665 0.024169147015 0.999560654163 -0.021268296987 
0.000000000000 0.000000000000 0.000000000000 1.000000000000 

Rotation Angles (unit: gon):
Rx = 1.5390320590
Ry = 1.0921751145
Rz = -1.9667706399
Translation (unit: m):
tx = -0.0311024152
ty = 0.0101819038
tz = -0.0212682970

6x6 Variance-Covariance Matrix of transformation parameters:
0.000000004985 -0.000000000790 0.000000005559 0.000000003517 0.000000002392 -0.000000001415 
-0.000000000790 0.000000014113 -0.000000005892 -0.000000008706 -0.000000001641 -0.000000000788 
0.000000005559 -0.000000005892 0.000000016969 0.000000010571 0.000000004588 -0.000000002672 
0.000000003517 -0.000000008706 0.000000010571 0.000000014947 0.000000003797 -0.000000003256 
0.000000002392 -0.000000001641 0.000000004588 0.000000003797 0.000000009763 -0.000000001414 
-0.000000001415 -0.000000000788 -0.000000002672 -0.000000003256 -0.000000001414 0.000000002882 

Standard Deviations of estimated transformation parameters:
Std_Rx = 4.4946444385 mgon
Std_Ry = 7.5630246690 mgon
Std_Rz = 8.2929117222 mgon
Std_tx = 0.1222559017 mm
Std_ty = 0.0988087805 mm
Std_tz = 0.0536825908 mm
