4x4 Transformation Matrix:
0.999713897705 0.006303658709 0.023076986894 0.002689152956 
-0.006078894716 0.999933421612 -0.009796916507 0.008067131042 
-0.023137213662 0.009653830901 0.999685764313 -0.008581437171 
0.000000000000 0.000000000000 0.000000000000 1.000000000000 

Rotation Angles (unit: gon):
Rx = 0.6147560380
Ry = 1.4730922743
Rz = -0.3871004376
Translation (unit: m):
tx = 0.0026891530
ty = 0.0080671310
tz = -0.0085814372

6x6 Variance-Covariance Matrix of transformation parameters:
0.000000005609 -0.000000000763 0.000000002373 0.000000000838 0.000000001716 -0.000000002091 
-0.000000000763 0.000000013471 -0.000000001655 -0.000000006281 -0.000000000668 -0.000000000696 
0.000000002373 -0.000000001655 0.000000023334 0.000000013752 0.000000002001 -0.000000000972 
0.000000000838 -0.000000006281 0.000000013752 0.000000018355 0.000000001508 -0.000000002262 
0.000000001716 -0.000000000668 0.000000002001 0.000000001508 0.000000010810 -0.000000000977 
-0.000000002091 -0.000000000696 -0.000000000972 -0.000000002262 -0.000000000977 0.000000003163 

Standard Deviations of estimated transformation parameters:
Std_Rx = 4.7680097150 mgon
Std_Ry = 7.3889467254 mgon
Std_Rz = 9.7246784451 mgon
Std_tx = 0.1354799075 mm
Std_ty = 0.1039709398 mm
Std_tz = 0.0562385810 mm
