4x4 Transformation Matrix:
0.999411463737 0.025316441432 0.023148778826 -0.025680169463 
-0.024959610775 0.999567091465 -0.015575643629 0.007368683815 
-0.023533076048 0.014988690615 0.999610662460 -0.014098159969 
0.000000000000 0.000000000000 0.000000000000 1.000000000000 

Rotation Angles (unit: gon):
Rx = 0.9545098059
Ry = 1.4983004156
Rz = -1.5895835222
Translation (unit: m):
tx = -0.0256801695
ty = 0.0073686838
tz = -0.0140981600

6x6 Variance-Covariance Matrix of transformation parameters:
0.000000003680 0.000000000699 0.000000003063 0.000000001215 0.000000001088 -0.000000001069 
0.000000000699 0.000000011254 -0.000000001585 -0.000000005051 -0.000000000410 -0.000000001773 
0.000000003063 -0.000000001585 0.000000008901 0.000000003284 0.000000001921 -0.000000001120 
0.000000001215 -0.000000005051 0.000000003284 0.000000008431 0.000000001132 -0.000000001741 
0.000000001088 -0.000000000410 0.000000001921 0.000000001132 0.000000007746 -0.000000000483 
-0.000000001069 -0.000000001773 -0.000000001120 -0.000000001741 -0.000000000483 0.000000002429 

Standard Deviations of estimated transformation parameters:
Std_Rx = 3.8617660631 mgon
Std_Ry = 6.7536452958 mgon
Std_Rz = 6.0060317412 mgon
Std_tx = 0.0918229060 mm
Std_ty = 0.0880139815 mm
Std_tz = 0.0492847569 mm
