4x4 Transformation Matrix:
0.999628543854 -0.016625195742 -0.021599663422 0.030103854835 
0.016413887963 0.999816000462 -0.009923720732 0.022961258888 
0.021760672331 0.009565498680 0.999717354774 -0.015794411302 
0.000000000000 0.000000000000 0.000000000000 1.000000000000 

Rotation Angles (unit: gon):
Rx = 0.6091121199
Ry = -1.3854367570
Rz = 1.0452348766
Translation (unit: m):
tx = 0.0301038548
ty = 0.0229612589
tz = -0.0157944113

6x6 Variance-Covariance Matrix of transformation parameters:
0.000000010605 -0.000000001680 0.000000002627 0.000000001768 0.000000000714 -0.000000004881 
-0.000000001680 0.000000009262 -0.000000001450 -0.000000004121 -0.000000000291 0.000000000647 
0.000000002627 -0.000000001450 0.000000013938 0.000000009080 0.000000002336 -0.000000001574 
0.000000001768 -0.000000004121 0.000000009080 0.000000012028 0.000000001505 -0.000000002346 
0.000000000714 -0.000000000291 0.000000002336 0.000000001505 0.000000011141 -0.000000000401 
-0.000000004881 0.000000000647 -0.000000001574 -0.000000002346 -0.000000000401 0.000000004089 

Standard Deviations of estimated transformation parameters:
Std_Rx = 6.5558162075 mgon
Std_Ry = 6.1266543772 mgon
Std_Rz = 7.5159404843 mgon
Std_tx = 0.1096741333 mm
Std_ty = 0.1055490153 mm
Std_tz = 0.0639445915 mm
