4x4 Transformation Matrix:
0.999779999256 -0.019815657288 -0.006886558607 0.032421119511 
0.019725872204 0.999722599983 -0.012870951556 0.028126597404 
0.007139694877 0.012732274830 0.999893426895 -0.024001050740 
0.000000000000 0.000000000000 0.000000000000 1.000000000000 

Rotation Angles (unit: gon):
Rx = 0.8106043605
Ry = -0.4545309466
Rz = 1.2559013894
Translation (unit: m):
tx = 0.0324211195
ty = 0.0281265974
tz = -0.0240010507

6x6 Variance-Covariance Matrix of transformation parameters:
0.000000013524 -0.000000001720 0.000000001545 0.000000001084 0.000000000645 -0.000000006243 
-0.000000001720 0.000000039321 -0.000000006718 -0.000000005566 -0.000000001196 0.000000009369 
0.000000001545 -0.000000006718 0.000000023355 0.000000017257 0.000000003710 -0.000000002497 
0.000000001084 -0.000000005566 0.000000017257 0.000000019050 0.000000002714 -0.000000002335 
0.000000000645 -0.000000001196 0.000000003710 0.000000002714 0.000000015964 -0.000000000649 
-0.000000006243 0.000000009369 -0.000000002497 -0.000000002335 -0.000000000649 0.000000008276 

Standard Deviations of estimated transformation parameters:
Std_Rx = 7.4034711665 mgon
Std_Ry = 12.6238966900 mgon
Std_Rz = 9.7290977693 mgon
Std_tx = 0.1380216407 mm
Std_ty = 0.1263499668 mm
Std_tz = 0.0909734041 mm
