4x4 Transformation Matrix:
0.999786198139 -0.019902527332 -0.005626030732 0.027961850166 
0.019788803533 0.999612212181 -0.019596343860 0.019898533821 
0.006013861392 0.019480818883 0.999792098999 -0.028699848801 
0.000000000000 0.000000000000 0.000000000000 1.000000000000 

Rotation Angles (unit: gon):
Rx = 1.2402883596
Ry = -0.3828566193
Rz = 1.2598993031
Translation (unit: m):
tx = 0.0279618502
ty = 0.0198985338
tz = -0.0286998488

6x6 Variance-Covariance Matrix of transformation parameters:
0.000001450950 0.000000781361 0.000000035221 -0.000000044282 0.000000007329 -0.000000422480 
0.000000781361 0.000000503909 0.000000030720 -0.000000049488 0.000000007391 -0.000000216444 
0.000000035221 0.000000030720 0.000000041685 -0.000000016142 0.000000010199 -0.000000007097 
-0.000000044282 -0.000000049488 -0.000000016142 0.000000035103 -0.000000004183 0.000000005402 
0.000000007329 0.000000007391 0.000000010199 -0.000000004183 0.000000037856 -0.000000001375 
-0.000000422480 -0.000000216444 -0.000000007097 0.000000005402 -0.000000001375 0.000000136032 

Standard Deviations of estimated transformation parameters:
Std_Rx = 76.6842687158 mgon
Std_Ry = 45.1914303659 mgon
Std_Rz = 12.9978292345 mgon
Std_tx = 0.1873584009 mm
Std_ty = 0.1945653170 mm
Std_tz = 0.3688247767 mm
