4x4 Transformation Matrix:
0.999990165234 0.000327793357 0.004424471408 -0.005508616567 
-0.000272619858 0.999922335148 -0.012464934029 -0.007537841797 
-0.004428213462 0.012463607825 0.999912559986 -0.012606319040 
0.000000000000 0.000000000000 0.000000000000 1.000000000000 

Rotation Angles (unit: gon):
Rx = 0.7934861989
Ry = 0.2819097436
Rz = -0.0173556897
Translation (unit: m):
tx = -0.0055086166
ty = -0.0075378418
tz = -0.0126063190

6x6 Variance-Covariance Matrix of transformation parameters:
0.000000002437 0.000000000535 0.000000000802 -0.000000000333 -0.000000000176 0.000000000658 
0.000000000535 0.000000010796 -0.000000002514 -0.000000004280 -0.000000000549 -0.000000000892 
0.000000000802 -0.000000002514 0.000000005186 0.000000002252 -0.000000000462 0.000000000132 
-0.000000000333 -0.000000004280 0.000000002252 0.000000003951 0.000000000014 -0.000000000335 
-0.000000000176 -0.000000000549 -0.000000000462 0.000000000014 0.000000002477 0.000000000119 
0.000000000658 -0.000000000892 0.000000000132 -0.000000000335 0.000000000119 0.000000001237 

Standard Deviations of estimated transformation parameters:
Std_Rx = 3.1430115059 mgon
Std_Ry = 6.6145792682 mgon
Std_Rz = 4.5844785657 mgon
Std_tx = 0.0628591886 mm
Std_ty = 0.0497645197 mm
Std_tz = 0.0351746824 mm
