4x4 Transformation Matrix:
0.999559700489 -0.013667757623 0.026337081566 0.005884371698 
0.013954267837 0.999845206738 -0.010725733824 -0.002010226250 
-0.026186415926 0.011088524945 0.999595642090 -0.017755383626 
0.000000000000 0.000000000000 0.000000000000 1.000000000000 

Rotation Angles (unit: gon):
Rx = 0.7061740291
Ry = 1.6672695721
Rz = 0.8886898460
Translation (unit: m):
tx = 0.0058843717
ty = -0.0020102262
tz = -0.0177553836

6x6 Variance-Covariance Matrix of transformation parameters:
0.000000002964 0.000000001543 -0.000000000016 0.000000000232 -0.000000000169 0.000000000716 
0.000000001543 0.000000013950 -0.000000004772 -0.000000004156 -0.000000000887 -0.000000000903 
-0.000000000016 -0.000000004772 0.000000007606 0.000000001734 -0.000000000100 0.000000000009 
0.000000000232 -0.000000004156 0.000000001734 0.000000006233 0.000000000156 -0.000000000327 
-0.000000000169 -0.000000000887 -0.000000000100 0.000000000156 0.000000002651 0.000000000099 
0.000000000716 -0.000000000903 0.000000000009 -0.000000000327 0.000000000099 0.000000001342 

Standard Deviations of estimated transformation parameters:
Std_Rx = 3.4658785145 mgon
Std_Ry = 7.5191728617 mgon
Std_Rz = 5.5522571658 mgon
Std_tx = 0.0789506114 mm
Std_ty = 0.0514919533 mm
Std_tz = 0.0366321619 mm
