4x4 Transformation Matrix:
0.999372959137 -0.011246174574 0.033573277295 0.000182785094 
0.011785216630 0.999804198742 -0.015901204199 -0.002872943878 
-0.033387873322 0.016286903992 0.999309778214 -0.027293920517 
0.000000000000 0.000000000000 0.000000000000 1.000000000000 

Rotation Angles (unit: gon):
Rx = 1.0374808332
Ry = 2.1259331389
Rz = 0.7507061510
Translation (unit: m):
tx = 0.0001827851
ty = -0.0028729439
tz = -0.0272939205

6x6 Variance-Covariance Matrix of transformation parameters:
0.000000002756 0.000000001186 -0.000000000003 0.000000000310 -0.000000000068 0.000000000607 
0.000000001186 0.000000014034 -0.000000003860 -0.000000003720 -0.000000000869 -0.000000001500 
-0.000000000003 -0.000000003860 0.000000006591 0.000000000916 -0.000000000064 0.000000000172 
0.000000000310 -0.000000003720 0.000000000916 0.000000005944 0.000000000145 -0.000000000141 
-0.000000000068 -0.000000000869 -0.000000000064 0.000000000145 0.000000002483 0.000000000172 
0.000000000607 -0.000000001500 0.000000000172 -0.000000000141 0.000000000172 0.000000001320 

Standard Deviations of estimated transformation parameters:
Std_Rx = 3.3419321674 mgon
Std_Ry = 7.5417075089 mgon
Std_Rz = 5.1682600904 mgon
Std_tx = 0.0770978078 mm
Std_ty = 0.0498257373 mm
Std_tz = 0.0363373932 mm
