4x4 Transformation Matrix:
0.999492585659 -0.030014134943 0.010676634498 0.031408458948 
0.030251318589 0.999282360077 -0.022795412689 0.020959377289 
-0.009984793141 0.023106822744 0.999683141708 -0.039585217834 
0.000000000000 0.000000000000 0.000000000000 1.000000000000 

Rotation Angles (unit: gon):
Rx = 1.4712303363
Ry = 0.6356622273
Rz = 1.9262484082
Translation (unit: m):
tx = 0.0314084589
ty = 0.0209593773
tz = -0.0395852178

6x6 Variance-Covariance Matrix of transformation parameters:
0.000000903514 0.000000437909 -0.000000016867 0.000000012189 -0.000000011707 -0.000000303876 
0.000000437909 0.000000315402 0.000000033709 -0.000000043260 0.000000003270 -0.000000125424 
-0.000000016867 0.000000033709 0.000000083156 -0.000000056152 0.000000018007 0.000000017734 
0.000000012189 -0.000000043260 -0.000000056152 0.000000066831 -0.000000012411 -0.000000018873 
-0.000000011707 0.000000003270 0.000000018007 -0.000000012411 0.000000033440 0.000000006365 
-0.000000303876 -0.000000125424 0.000000017734 -0.000000018873 0.000000006365 0.000000117902 

Standard Deviations of estimated transformation parameters:
Std_Rx = 60.5128420585 mgon
Std_Ry = 35.7529905356 mgon
Std_Rz = 18.3581028299 mgon
Std_tx = 0.2585177891 mm
Std_ty = 0.1828668587 mm
Std_tz = 0.3433684615 mm
