4x4 Transformation Matrix:
0.999765157700 -0.018646955490 0.011042068712 0.013803958893 
0.018659256399 0.999825417995 -0.001012306544 0.000109672546 
-0.011021260172 0.001218104735 0.999938488007 -0.006173947826 
0.000000000000 0.000000000000 0.000000000000 1.000000000000 

Rotation Angles (unit: gon):
Rx = 0.0775516843
Ry = 0.7016494438
Rz = 1.1880262659
Translation (unit: m):
tx = 0.0138039589
ty = 0.0001096725
tz = -0.0061739478

6x6 Variance-Covariance Matrix of transformation parameters:
0.000000002210 0.000000000490 0.000000000749 -0.000000000303 -0.000000000027 0.000000000547 
0.000000000490 0.000000009159 -0.000000001638 -0.000000003692 -0.000000000476 -0.000000000649 
0.000000000749 -0.000000001638 0.000000004429 0.000000001653 -0.000000000209 0.000000000075 
-0.000000000303 -0.000000003692 0.000000001653 0.000000003557 0.000000000070 -0.000000000369 
-0.000000000027 -0.000000000476 -0.000000000209 0.000000000070 0.000000002263 0.000000000068 
0.000000000547 -0.000000000649 0.000000000075 -0.000000000369 0.000000000068 0.000000001092 

Standard Deviations of estimated transformation parameters:
Std_Rx = 2.9928405052 mgon
Std_Ry = 6.0926444227 mgon
Std_Rz = 4.2367871599 mgon
Std_tx = 0.0596385901 mm
Std_ty = 0.0475715177 mm
Std_tz = 0.0330438358 mm
