4x4 Transformation Matrix:
0.999794661999 -0.011646850966 -0.016590783373 0.022695206106 
0.011513470672 0.999900758266 -0.008112322539 0.011377930641 
0.016683621332 0.007919638418 0.999829351902 -0.009466469288 
0.000000000000 0.000000000000 0.000000000000 1.000000000000 

Rotation Angles (unit: gon):
Rx = 0.5042553759
Ry = -1.0621616506
Rz = 0.7330884132
Translation (unit: m):
tx = 0.0226952061
ty = 0.0113779306
tz = -0.0094664693

6x6 Variance-Covariance Matrix of transformation parameters:
0.000000002132 -0.000000001107 0.000000001001 0.000000000667 0.000000000248 -0.000000000391 
-0.000000001107 0.000000004893 -0.000000001110 -0.000000001833 -0.000000000228 0.000000000463 
0.000000001001 -0.000000001110 0.000000002393 0.000000000434 0.000000000404 -0.000000000269 
0.000000000667 -0.000000001833 0.000000000434 0.000000001936 0.000000000102 -0.000000000544 
0.000000000248 -0.000000000228 0.000000000404 0.000000000102 0.000000006608 -0.000000000066 
-0.000000000391 0.000000000463 -0.000000000269 -0.000000000544 -0.000000000066 0.000000000714 

Standard Deviations of estimated transformation parameters:
Std_Rx = 2.9391686076 mgon
Std_Ry = 4.4531080231 mgon
Std_Rz = 3.1140048428 mgon
Std_tx = 0.0439943536 mm
Std_ty = 0.0812918977 mm
Std_tz = 0.0267255437 mm
