4x4 Transformation Matrix:
0.999196946621 -0.026056185365 -0.030439047143 0.037512063980 
0.026115812361 0.999657690525 0.001563007128 0.017663240433 
0.030387900770 -0.002356692217 0.999535441399 -0.005948338658 
0.000000000000 0.000000000000 0.000000000000 1.000000000000 

Rotation Angles (unit: gon):
Rx = -0.1501011443
Ry = -1.9348517192
Rz = 1.6635417829
Translation (unit: m):
tx = 0.0375120640
ty = 0.0176632404
tz = -0.0059483387

6x6 Variance-Covariance Matrix of transformation parameters:
0.000000004382 -0.000000002088 0.000000001775 0.000000000779 0.000000000100 -0.000000000885 
-0.000000002088 0.000000006904 -0.000000003007 -0.000000004119 -0.000000000398 0.000000000982 
0.000000001775 -0.000000003007 0.000000020377 0.000000014718 0.000000003365 -0.000000000977 
0.000000000779 -0.000000004119 0.000000014718 0.000000015788 0.000000002451 -0.000000001428 
0.000000000100 -0.000000000398 0.000000003365 0.000000002451 0.000000024357 -0.000000000137 
-0.000000000885 0.000000000982 -0.000000000977 -0.000000001428 -0.000000000137 0.000000001110 

Standard Deviations of estimated transformation parameters:
Std_Rx = 4.2140418075 mgon
Std_Ry = 5.2896482811 mgon
Std_Rz = 9.0877069176 mgon
Std_tx = 0.1256496363 mm
Std_ty = 0.1560669270 mm
Std_tz = 0.0333211776 mm
