4x4 Transformation Matrix:
0.999796450138 -0.014921247028 -0.013578404672 0.015411332250 
0.015057483688 0.999836802483 0.009986860678 0.005852818489 
0.013427171856 -0.010189284571 0.999857842922 0.003404855728 
0.000000000000 0.000000000000 0.000000000000 1.000000000000 

Rotation Angles (unit: gon):
Rx = -0.6487397865
Ry = -0.8548259816
Rz = 0.9587118545
Translation (unit: m):
tx = 0.0154113322
ty = 0.0058528185
tz = 0.0034048557

6x6 Variance-Covariance Matrix of transformation parameters:
0.000000004557 -0.000000001916 0.000000001180 0.000000000194 -0.000000000115 -0.000000000819 
-0.000000001916 0.000000006801 -0.000000000888 -0.000000002128 0.000000000151 0.000000000734 
0.000000001180 -0.000000000888 0.000000009391 0.000000004936 -0.000000002037 -0.000000000298 
0.000000000194 -0.000000002128 0.000000004936 0.000000006910 -0.000000000978 -0.000000000859 
-0.000000000115 0.000000000151 -0.000000002037 -0.000000000978 0.000000011912 -0.000000000079 
-0.000000000819 0.000000000734 -0.000000000298 -0.000000000859 -0.000000000079 0.000000001152 

Standard Deviations of estimated transformation parameters:
Std_Rx = 4.2976536166 mgon
Std_Ry = 5.2502498158 mgon
Std_Rz = 6.1692662677 mgon
Std_tx = 0.0831285323 mm
Std_ty = 0.1091442652 mm
Std_tz = 0.0339468907 mm
