4x4 Transformation Matrix:
0.999794304371 -0.009292466566 -0.018030134961 0.013464182615 
0.009720952250 0.999668955803 0.023824708536 0.004232645035 
0.017802778631 -0.023995071650 0.999553501606 0.016817864031 
0.000000000000 0.000000000000 0.000000000000 1.000000000000 

Rotation Angles (unit: gon):
Rx = -1.5279626465
Ry = -1.1334199707
Rz = 0.6189628298
Translation (unit: m):
tx = 0.0134641826
ty = 0.0042326450
tz = 0.0168178640

6x6 Variance-Covariance Matrix of transformation parameters:
0.000000004498 -0.000000002431 0.000000001975 0.000000000948 -0.000000000818 -0.000000000760 
-0.000000002431 0.000000007342 -0.000000002260 -0.000000004040 0.000000001051 0.000000000913 
0.000000001975 -0.000000002260 0.000000017192 0.000000010469 -0.000000006731 -0.000000000777 
0.000000000948 -0.000000004040 0.000000010469 0.000000012011 -0.000000003919 -0.000000001453 
-0.000000000818 0.000000001051 -0.000000006731 -0.000000003919 0.000000021673 0.000000000170 
-0.000000000760 0.000000000913 -0.000000000777 -0.000000001453 0.000000000170 0.000000001108 

Standard Deviations of estimated transformation parameters:
Std_Rx = 4.2695716700 mgon
Std_Ry = 5.4550678805 mgon
Std_Rz = 8.3471960736 mgon
Std_tx = 0.1095961433 mm
Std_ty = 0.1472168415 mm
Std_tz = 0.0332938329 mm
