4x4 Transformation Matrix:
0.999675154686 -0.021332131699 -0.013941655867 0.029675863683 
0.021491523832 0.999704241753 0.011385220103 0.004794716835 
0.013694661669 -0.011681148782 0.999838054180 0.005587346852 
0.000000000000 0.000000000000 0.000000000000 1.000000000000 

Rotation Angles (unit: gon):
Rx = -0.7437316503
Ry = -0.8718565128
Rz = 1.3684267401
Translation (unit: m):
tx = 0.0296758637
ty = 0.0047947168
tz = 0.0055873469

6x6 Variance-Covariance Matrix of transformation parameters:
0.000000004574 -0.000000002335 0.000000001231 0.000000000469 -0.000000000362 -0.000000000753 
-0.000000002335 0.000000007985 -0.000000000093 -0.000000002891 -0.000000000018 0.000000000823 
0.000000001231 -0.000000000093 0.000000011026 0.000000003892 -0.000000002782 -0.000000000052 
0.000000000469 -0.000000002891 0.000000003892 0.000000006753 -0.000000000930 -0.000000000933 
-0.000000000362 -0.000000000018 -0.000000002782 -0.000000000930 0.000000007292 -0.000000000008 
-0.000000000753 0.000000000823 -0.000000000052 -0.000000000933 -0.000000000008 0.000000001149 

Standard Deviations of estimated transformation parameters:
Std_Rx = 4.3056116919 mgon
Std_Ry = 5.6887367480 mgon
Std_Rz = 6.6849415058 mgon
Std_tx = 0.0821770642 mm
Std_ty = 0.0853953780 mm
Std_tz = 0.0338906637 mm
