4x4 Transformation Matrix:
0.999965488911 -0.002436047886 -0.007956564426 0.007413886487 
0.002495225752 0.999969303608 0.007436078507 0.005412101746 
0.007938205265 -0.007455675397 0.999940812588 0.002444401383 
0.000000000000 0.000000000000 0.000000000000 1.000000000000 

Rotation Angles (unit: gon):
Rx = -0.4746623363
Ry = -0.5053671789
Rz = 0.1588561632
Translation (unit: m):
tx = 0.0074138865
ty = 0.0054121017
tz = 0.0024444014

6x6 Variance-Covariance Matrix of transformation parameters:
0.000000002259 -0.000000001353 0.000000000447 -0.000000000062 -0.000000000319 -0.000000000164 
-0.000000001353 0.000000006688 -0.000000000092 -0.000000001857 -0.000000000317 0.000000000622 
0.000000000447 -0.000000000092 0.000000008579 0.000000003561 -0.000000001317 0.000000000193 
-0.000000000062 -0.000000001857 0.000000003561 0.000000006056 -0.000000000426 -0.000000000736 
-0.000000000319 -0.000000000317 -0.000000001317 -0.000000000426 0.000000003603 0.000000000063 
-0.000000000164 0.000000000622 0.000000000193 -0.000000000736 0.000000000063 0.000000001000 

Standard Deviations of estimated transformation parameters:
Std_Rx = 3.0254574829 mgon
Std_Ry = 5.2062046017 mgon
Std_Rz = 5.8966862917 mgon
Std_tx = 0.0778171409 mm
Std_ty = 0.0600270718 mm
Std_tz = 0.0316246710 mm
