2
0.999888777733 0.013260036707 0.006821268238 -0.007880799472 
-0.013268718496 0.999911129475 0.001229494228 0.003330111504 
-0.006804359611 -0.001319867442 0.999976038933 0.007921583951 
0.000000000000 0.000000000000 0.000000000000 1.000000000000 
0.000000001923 -0.000000001136 0.000000000954 0.000000000563 -0.000000000212 -0.000000000256 
-0.000000001136 0.000000005073 -0.000000001212 -0.000000001794 0.000000000075 0.000000000375 
0.000000000954 -0.000000001212 0.000000002543 0.000000000570 0.000000000033 -0.000000000207 
0.000000000563 -0.000000001794 0.000000000570 0.000000001946 -0.000000000068 -0.000000000482 
-0.000000000212 0.000000000075 0.000000000033 -0.000000000068 0.000000016892 0.000000000095 
-0.000000000256 0.000000000375 -0.000000000207 -0.000000000482 0.000000000095 0.000000000657 
3
0.999995172024 0.003093532752 0.000307018519 0.003517977893 
-0.003094224026 0.999992549419 0.002278632950 0.008794903755 
-0.000299966399 -0.002279573120 0.999997437000 0.004710517824 
0.000000000000 0.000000000000 0.000000000000 1.000000000000 
0.000000002044 -0.000000001186 0.000000001029 0.000000000735 0.000000000285 -0.000000000583 
-0.000000001186 0.000000005202 -0.000000001264 -0.000000001772 -0.000000000297 0.000000000394 
0.000000001029 -0.000000001264 0.000000002160 0.000000000643 0.000000000418 -0.000000000351 
0.000000000735 -0.000000001772 0.000000000643 0.000000001747 0.000000000156 -0.000000000571 
0.000000000285 -0.000000000297 0.000000000418 0.000000000156 0.000000005560 -0.000000000096 
-0.000000000583 0.000000000394 -0.000000000351 -0.000000000571 -0.000000000096 0.000000000824 
4
0.999794661999 -0.011646850966 -0.016590783373 0.022695206106 
0.011513470672 0.999900758266 -0.008112322539 0.011377930641 
0.016683621332 0.007919638418 0.999829351902 -0.009466469288 
0.000000000000 0.000000000000 0.000000000000 1.000000000000 
0.000000002132 -0.000000001107 0.000000001001 0.000000000667 0.000000000248 -0.000000000391 
-0.000000001107 0.000000004893 -0.000000001110 -0.000000001833 -0.000000000228 0.000000000463 
0.000000001001 -0.000000001110 0.000000002393 0.000000000434 0.000000000404 -0.000000000269 
0.000000000667 -0.000000001833 0.000000000434 0.000000001936 0.000000000102 -0.000000000544 
0.000000000248 -0.000000000228 0.000000000404 0.000000000102 0.000000006608 -0.000000000066 
-0.000000000391 0.000000000463 -0.000000000269 -0.000000000544 -0.000000000066 0.000000000714 
5
0.999776721001 0.000766531739 -0.021119620651 0.006140768528 
-0.000679026416 0.999991238117 0.004150187597 0.010871410370 
0.021122617647 -0.004134918563 0.999768376350 0.001521363854 
0.000000000000 0.000000000000 0.000000000000 1.000000000000 
0.000000002649 -0.000000001583 0.000000001433 0.000000000871 0.000000000228 -0.000000000491 
-0.000000001583 0.000000006259 -0.000000001606 -0.000000002402 -0.000000000191 0.000000000625 
0.000000001433 -0.000000001606 0.000000003266 0.000000000538 0.000000000326 -0.000000000344 
0.000000000871 -0.000000002402 0.000000000538 0.000000002458 0.000000000077 -0.000000000697 
0.000000000228 -0.000000000191 0.000000000326 0.000000000077 0.000000014009 -0.000000000077 
-0.000000000491 0.000000000625 -0.000000000344 -0.000000000697 -0.000000000077 0.000000000849 
6
0.999342441559 -0.010072316043 -0.034830447286 0.015976227820 
0.010089679621 0.999949097633 0.000322779611 0.012133479118 
0.034825418144 -0.000673995062 0.999393045902 -0.004917196929 
0.000000000000 0.000000000000 0.000000000000 1.000000000000 
0.000000005482 -0.000000002273 0.000000002711 0.000000001570 0.000000000448 -0.000000001118 
-0.000000002273 0.000000007852 -0.000000001785 -0.000000003199 -0.000000000333 0.000000000802 
0.000000002711 -0.000000001785 0.000000004582 0.000000000634 0.000000000717 -0.000000000603 
0.000000001570 -0.000000003199 0.000000000634 0.000000003429 0.000000000128 -0.000000001086 
0.000000000448 -0.000000000333 0.000000000717 0.000000000128 0.000000029596 -0.000000000119 
-0.000000001118 0.000000000802 -0.000000000603 -0.000000001086 -0.000000000119 0.000000001338 
7
0.999097108841 -0.029109464958 -0.030941622332 0.033809557557 
0.029096927494 0.999576091766 -0.000855243532 0.009112358093 
0.030953405425 -0.000045835746 0.999520838261 -0.010629598051 
0.000000000000 0.000000000000 0.000000000000 1.000000000000 
0.000000007739 -0.000000003485 0.000000002039 0.000000000602 -0.000000000174 -0.000000001596 
-0.000000003485 0.000000011128 -0.000000002298 -0.000000004328 0.000000000366 0.000000001319 
0.000000002039 -0.000000002298 0.000000020424 0.000000012583 -0.000000003971 -0.000000000723 
0.000000000602 -0.000000004328 0.000000012583 0.000000015463 -0.000000002409 -0.000000001448 
-0.000000000174 0.000000000366 -0.000000003971 -0.000000002409 0.000000014561 0.000000000084 
-0.000000001596 0.000000001319 -0.000000000723 -0.000000001448 0.000000000084 0.000000001788 
8
0.999794304371 -0.009292466566 -0.018030134961 0.013464182615 
0.009720952250 0.999668955803 0.023824708536 0.004232645035 
0.017802778631 -0.023995071650 0.999553501606 0.016817864031 
0.000000000000 0.000000000000 0.000000000000 1.000000000000 
0.000000004498 -0.000000002431 0.000000001975 0.000000000948 -0.000000000818 -0.000000000760 
-0.000000002431 0.000000007342 -0.000000002260 -0.000000004040 0.000000001051 0.000000000913 
0.000000001975 -0.000000002260 0.000000017192 0.000000010469 -0.000000006731 -0.000000000777 
0.000000000948 -0.000000004040 0.000000010469 0.000000012011 -0.000000003919 -0.000000001453 
-0.000000000818 0.000000001051 -0.000000006731 -0.000000003919 0.000000021673 0.000000000170 
-0.000000000760 0.000000000913 -0.000000000777 -0.000000001453 0.000000000170 0.000000001108 
9
0.999665439129 -0.001090920763 -0.025843171403 0.000896297395 
0.001506112050 0.999870061874 0.016051797196 0.006737589836 
0.025822302327 -0.016085349023 0.999537050724 0.007132399827 
0.000000000000 0.000000000000 0.000000000000 1.000000000000 
0.000000005061 -0.000000002622 0.000000001066 0.000000000314 -0.000000000079 -0.000000000853 
-0.000000002622 0.000000008042 -0.000000000283 -0.000000003027 0.000000000105 0.000000001080 
0.000000001066 -0.000000000283 0.000000008921 0.000000003771 -0.000000000669 -0.000000000134 
0.000000000314 -0.000000003027 0.000000003771 0.000000007368 -0.000000000136 -0.000000001167 
-0.000000000079 0.000000000105 -0.000000000669 -0.000000000136 0.000000011790 -0.000000000080 
-0.000000000853 0.000000001080 -0.000000000134 -0.000000001167 -0.000000000080 0.000000001317 
10
0.999909222126 -0.005056152586 -0.012490342371 0.010010086000 
0.005042377394 0.999986648560 -0.001134056714 0.010205149651 
0.012495908886 0.001070975326 0.999921321869 -0.007737495005 
0.000000000000 0.000000000000 0.000000000000 1.000000000000 
0.000000004231 -0.000000002188 0.000000000958 0.000000000488 -0.000000000136 -0.000000000958 
-0.000000002188 0.000000006362 0.000000000079 -0.000000002314 -0.000000000128 0.000000000987 
0.000000000958 0.000000000079 0.000000007722 0.000000002581 -0.000000001961 -0.000000000018 
0.000000000488 -0.000000002314 0.000000002581 0.000000005015 -0.000000000581 -0.000000000922 
-0.000000000136 -0.000000000128 -0.000000001961 -0.000000000581 0.000000006855 -0.000000000047 
-0.000000000958 0.000000000987 -0.000000000018 -0.000000000922 -0.000000000047 0.000000001202 
11
0.999621868134 0.021816432476 0.016736673191 -0.013436213136 
-0.021665049717 0.999723136425 -0.009173321538 0.013279199600 
-0.016932165250 0.008807252161 0.999817788601 -0.009176798165 
0.000000000000 0.000000000000 0.000000000000 1.000000000000 
0.000000005709 -0.000000000897 0.000000001585 0.000000000389 0.000000001185 -0.000000001849 
-0.000000000897 0.000000012623 -0.000000001018 -0.000000004726 -0.000000000642 -0.000000000650 
0.000000001585 -0.000000001018 0.000000022127 0.000000012839 0.000000002573 -0.000000000732 
0.000000000389 -0.000000004726 0.000000012839 0.000000015202 0.000000001805 -0.000000001737 
0.000000001185 -0.000000000642 0.000000002573 0.000000001805 0.000000009530 -0.000000000702 
-0.000000001849 -0.000000000650 -0.000000000732 -0.000000001737 -0.000000000702 0.000000002927 
12
0.999713897705 0.006303658709 0.023076986894 0.002689152956 
-0.006078894716 0.999933421612 -0.009796916507 0.008067131042 
-0.023137213662 0.009653830901 0.999685764313 -0.008581437171 
0.000000000000 0.000000000000 0.000000000000 1.000000000000 
0.000000005609 -0.000000000763 0.000000002373 0.000000000838 0.000000001716 -0.000000002091 
-0.000000000763 0.000000013471 -0.000000001655 -0.000000006281 -0.000000000668 -0.000000000696 
0.000000002373 -0.000000001655 0.000000023334 0.000000013752 0.000000002001 -0.000000000972 
0.000000000838 -0.000000006281 0.000000013752 0.000000018355 0.000000001508 -0.000000002262 
0.000000001716 -0.000000000668 0.000000002001 0.000000001508 0.000000010810 -0.000000000977 
-0.000000002091 -0.000000000696 -0.000000000972 -0.000000002262 -0.000000000977 0.000000003163 
13
0.999411463737 0.025316441432 0.023148778826 -0.025680169463 
-0.024959610775 0.999567091465 -0.015575643629 0.007368683815 
-0.023533076048 0.014988690615 0.999610662460 -0.014098159969 
0.000000000000 0.000000000000 0.000000000000 1.000000000000 
0.000000003680 0.000000000699 0.000000003063 0.000000001215 0.000000001088 -0.000000001069 
0.000000000699 0.000000011254 -0.000000001585 -0.000000005051 -0.000000000410 -0.000000001773 
0.000000003063 -0.000000001585 0.000000008901 0.000000003284 0.000000001921 -0.000000001120 
0.000000001215 -0.000000005051 0.000000003284 0.000000008431 0.000000001132 -0.000000001741 
0.000000001088 -0.000000000410 0.000000001921 0.000000001132 0.000000007746 -0.000000000483 
-0.000000001069 -0.000000001773 -0.000000001120 -0.000000001741 -0.000000000483 0.000000002429 
14
0.999777615070 -0.003626044374 0.020769031718 0.006586961448 
0.004002712201 0.999827742577 -0.018123334274 0.005011558533 
-0.020699732006 0.018202440813 0.999619960785 -0.014305841178 
0.000000000000 0.000000000000 0.000000000000 1.000000000000 
0.000000004240 0.000000000476 0.000000003175 0.000000001551 0.000000002145 -0.000000000738 
0.000000000476 0.000000012227 -0.000000003262 -0.000000005670 -0.000000000502 -0.000000001379 
0.000000003175 -0.000000003262 0.000000011014 0.000000006151 0.000000003291 -0.000000001520 
0.000000001551 -0.000000005670 0.000000006151 0.000000009690 0.000000002491 -0.000000002010 
0.000000002145 -0.000000000502 0.000000003291 0.000000002491 0.000000008821 -0.000000001310 
-0.000000000738 -0.000000001379 -0.000000001520 -0.000000002010 -0.000000001310 0.000000002547 
15
0.999858438969 -0.015854550526 0.005652312189 0.013693965971 
0.015874149278 0.999868094921 -0.003441029228 0.007160663605 
-0.005597009789 0.003530267626 0.999978184700 -0.010601082817 
0.000000000000 0.000000000000 0.000000000000 1.000000000000 
0.000000003798 0.000000002687 -0.000000000300 -0.000000000244 -0.000000000028 0.000000000998 
0.000000002687 0.000000015167 -0.000000005744 -0.000000004771 -0.000000001000 0.000000000013 
-0.000000000300 -0.000000005744 0.000000008253 0.000000003652 0.000000000218 -0.000000000506 
-0.000000000244 -0.000000004771 0.000000003652 0.000000006235 0.000000000253 -0.000000000762 
-0.000000000028 -0.000000001000 0.000000000218 0.000000000253 0.000000004023 0.000000000105 
0.000000000998 0.000000000013 -0.000000000506 -0.000000000762 0.000000000105 0.000000001639 
16
0.999760329723 -0.012500479817 0.017970152199 0.010908290744 
0.012586868368 0.999909758568 -0.004702355247 -0.000829815865 
-0.017909744754 0.004927413538 0.999827444553 -0.010355778039 
0.000000000000 0.000000000000 0.000000000000 1.000000000000 
0.000000003734 0.000000001655 -0.000000000458 0.000000000158 -0.000000000028 0.000000001166 
0.000000001655 0.000000017040 -0.000000005962 -0.000000005284 -0.000000001349 -0.000000001231 
-0.000000000458 -0.000000005962 0.000000008536 0.000000003381 0.000000000285 -0.000000000213 
0.000000000158 -0.000000005284 0.000000003381 0.000000006759 0.000000000312 -0.000000000222 
-0.000000000028 -0.000000001349 0.000000000285 0.000000000312 0.000000003221 0.000000000261 
0.000000001166 -0.000000001231 -0.000000000213 -0.000000000222 0.000000000261 0.000000001851 
17
0.999730646610 0.007032947615 0.022119311616 -0.013027414680 
-0.006703158375 0.999865829945 -0.014948499389 -0.002802848816 
-0.022221470252 0.014796203002 0.999643683434 -0.020904762670 
0.000000000000 0.000000000000 0.000000000000 1.000000000000 
0.000000001973 0.000000000906 0.000000000289 0.000000000306 -0.000000000071 0.000000000191 
0.000000000906 0.000000011650 -0.000000003891 -0.000000003480 -0.000000000629 -0.000000001065 
0.000000000289 -0.000000003891 0.000000006389 0.000000002151 0.000000000093 0.000000000039 
0.000000000306 -0.000000003480 0.000000002151 0.000000005171 0.000000000102 -0.000000000230 
-0.000000000071 -0.000000000629 0.000000000093 0.000000000102 0.000000002173 0.000000000092 
0.000000000191 -0.000000001065 0.000000000039 -0.000000000230 0.000000000092 0.000000000975 
18
0.999802231789 -0.003107475350 0.019640512764 -0.002410568297 
0.003409319324 0.999876260757 -0.015353671275 -0.002658724785 
-0.019590368494 0.015417596325 0.999689221382 -0.020439742133 
0.000000000000 0.000000000000 0.000000000000 1.000000000000 
0.000000002390 0.000000000897 0.000000000248 0.000000000255 -0.000000000165 0.000000000576 
0.000000000897 0.000000012631 -0.000000004305 -0.000000003811 -0.000000000703 -0.000000001147 
0.000000000248 -0.000000004305 0.000000006229 0.000000001763 -0.000000000193 0.000000000165 
0.000000000255 -0.000000003811 0.000000001763 0.000000005199 0.000000000052 -0.000000000195 
-0.000000000165 -0.000000000703 -0.000000000193 0.000000000052 0.000000002018 0.000000000145 
0.000000000576 -0.000000001147 0.000000000165 -0.000000000195 0.000000000145 0.000000001156 
19
0.999559700489 -0.013667757623 0.026337081566 0.005884371698 
0.013954267837 0.999845206738 -0.010725733824 -0.002010226250 
-0.026186415926 0.011088524945 0.999595642090 -0.017755383626 
0.000000000000 0.000000000000 0.000000000000 1.000000000000 
0.000000002964 0.000000001543 -0.000000000016 0.000000000232 -0.000000000169 0.000000000716 
0.000000001543 0.000000013950 -0.000000004772 -0.000000004156 -0.000000000887 -0.000000000903 
-0.000000000016 -0.000000004772 0.000000007606 0.000000001734 -0.000000000100 0.000000000009 
0.000000000232 -0.000000004156 0.000000001734 0.000000006233 0.000000000156 -0.000000000327 
-0.000000000169 -0.000000000887 -0.000000000100 0.000000000156 0.000000002651 0.000000000099 
0.000000000716 -0.000000000903 0.000000000009 -0.000000000327 0.000000000099 0.000000001342 
20
0.999372959137 -0.011246174574 0.033573277295 0.000182785094 
0.011785216630 0.999804198742 -0.015901204199 -0.002872943878 
-0.033387873322 0.016286903992 0.999309778214 -0.027293920517 
0.000000000000 0.000000000000 0.000000000000 1.000000000000 
0.000000002756 0.000000001186 -0.000000000003 0.000000000310 -0.000000000068 0.000000000607 
0.000000001186 0.000000014034 -0.000000003860 -0.000000003720 -0.000000000869 -0.000000001500 
-0.000000000003 -0.000000003860 0.000000006591 0.000000000916 -0.000000000064 0.000000000172 
0.000000000310 -0.000000003720 0.000000000916 0.000000005944 0.000000000145 -0.000000000141 
-0.000000000068 -0.000000000869 -0.000000000064 0.000000000145 0.000000002483 0.000000000172 
0.000000000607 -0.000000001500 0.000000000172 -0.000000000141 0.000000000172 0.000000001320 
